0.00	263.35	113.68	0	-1.00	31.00	2.69	26.30
1.00	267.03	111.64	0	4.21	33.00	2.11	19.72
2.00	265.38	110.55	0	1.98	46.00	1.86	22.98
3.00	265.28	110.51	0	0.11	46.00	1.42	18.46
0.00	289.24	77.40	1	-1.00	45.00	2.32	20.17
1.00	290.27	79.14	1	2.02	79.00	1.76	22.91
2.00	292.10	76.25	1	3.42	43.00	2.23	21.70
3.00	294.36	76.91	1	2.35	40.00	2.43	20.38
5.00	294.81	71.72	1	-1.00	44.00	1.71	20.29
6.00	291.93	76.33	1	5.44	58.00	1.00	23.53
7.00	290.51	74.15	1	2.60	35.00	2.69	19.38
8.00	290.31	73.08	1	1.09	36.00	2.20	18.70
9.00	290.49	74.78	1	1.71	42.00	1.85	15.24
10.00	290.00	74.21	1	0.75	83.00	1.56	17.03
11.00	288.55	73.70	1	1.54	35.00	2.03	17.35
12.00	289.23	74.18	1	0.83	94.00	1.52	25.96
13.00	289.25	74.74	1	0.56	41.00	2.18	16.30
14.00	289.70	74.91	1	0.48	50.00	2.09	17.17
15.00	290.67	74.83	1	0.97	41.00	1.49	20.12
0.00	255.62	53.34	2	-1.00	35.00	1.82	21.38
1.00	255.90	55.79	2	2.47	44.00	2.26	20.30
2.00	255.54	55.95	2	0.39	59.00	1.51	17.70
3.00	254.88	55.68	2	0.71	35.00	1.85	18.36
0.00	252.50	84.64	3	-1.00	58.00	1.70	18.91
1.00	252.39	86.34	3	1.70	61.00	1.67	20.04
2.00	252.42	83.91	3	2.43	57.00	1.48	19.97
3.00	252.32	85.41	3	1.50	52.00	1.84	18.88
4.00	254.06	84.74	3	1.86	40.00	1.72	21.44
1.00	325.63	94.93	4	0.00	38.00	1.70	18.59
2.00	325.49	96.40	4	1.48	58.00	1.22	20.51
3.00	324.86	95.38	4	1.20	41.00	1.40	20.63
4.00	324.38	95.39	4	0.48	43.00	1.51	24.83
5.00	324.89	95.83	4	0.67	46.00	1.78	22.36
2.00	272.88	79.20	5	-1.00	43.00	1.47	18.36
3.00	273.18	81.02	5	1.84	61.00	1.29	18.76
4.00	273.71	79.96	5	1.19	39.00	3.50	17.41
5.00	273.38	79.64	5	0.46	59.00	1.44	22.52
3.00	244.82	103.07	6	-1.00	57.00	1.04	16.70
4.00	241.00	101.96	6	3.98	173.00	0.38	27.71
5.00	243.83	102.20	6	2.84	58.00	2.54	26.05
6.00	239.38	103.85	6	4.75	59.00	1.19	16.80
7.00	243.98	98.46	6	7.09	42.00	1.48	16.18
0.00	292.37	60.50	7	-1.00	46.00	2.28	22.64
1.00	291.20	60.94	7	1.25	59.00	1.21	22.35
2.00	290.60	61.26	7	0.68	55.00	1.55	26.25
3.00	291.57	62.11	7	1.29	63.00	1.62	17.74
4.00	291.76	62.35	7	0.31	80.00	1.56	23.49
5.00	291.73	61.55	7	0.80	79.00	1.46	24.25
6.00	292.89	63.71	7	2.45	46.00	1.83	18.92
7.00	286.57	62.86	7	6.38	50.00	1.63	18.80
4.00	307.22	55.72	8	-1.00	38.00	1.80	18.00
5.00	308.54	50.27	8	5.61	40.00	1.74	21.93
6.00	306.63	47.78	8	3.14	33.00	2.55	17.25
7.00	305.07	46.14	8	2.26	81.00	1.11	22.31
5.00	260.01	144.50	9	-1.00	32.00	2.36	22.11
6.00	253.76	140.56	9	7.39	35.00	1.87	28.29
7.00	253.68	145.61	9	5.05	37.00	1.92	22.89
8.00	252.98	141.59	9	4.08	41.00	2.10	19.47
5.00	275.89	49.96	10	-1.00	65.00	1.39	17.24
6.00	277.52	48.53	10	2.17	42.00	2.40	17.83
7.00	276.83	48.46	10	0.69	55.00	1.77	21.93
8.00	274.70	49.69	10	2.46	40.00	1.58	22.88
0.00	309.70	86.92	11	-1.00	36.00	2.48	21.05
1.00	308.97	86.62	11	0.79	73.00	1.16	21.66
2.00	310.22	86.61	11	1.25	34.00	2.02	14.49
3.00	310.19	85.78	11	0.83	65.00	1.66	21.50
4.00	310.83	84.97	11	1.03	71.00	1.81	23.56
5.00	309.59	85.87	11	1.53	71.00	1.56	22.35
6.00	309.53	86.36	11	0.49	41.00	2.62	21.30
7.00	309.47	85.55	11	0.81	92.00	1.94	22.72
8.00	309.82	85.92	11	0.51	69.00	1.61	18.07
9.00	309.66	86.84	11	0.93	68.00	1.47	19.00
10.00	313.77	79.86	11	8.10	45.00	1.57	20.07
8.00	258.66	79.46	12	-1.00	54.00	1.45	21.50
9.00	259.80	80.53	12	1.56	38.00	1.67	23.40
10.00	259.39	77.40	12	3.16	38.00	1.73	18.65
11.00	262.25	69.87	12	8.05	51.00	1.27	18.88
0.00	245.96	108.62	13	-1.00	42.00	1.55	20.61
1.00	244.68	108.04	13	1.41	35.00	3.69	28.72
2.00	244.77	108.74	13	0.71	56.00	1.75	20.75
3.00	243.60	110.45	13	2.07	45.00	1.56	21.38
4.00	241.41	111.78	13	2.56	54.00	2.20	24.61
5.00	241.26	111.26	13	0.54	63.00	1.55	21.67
6.00	244.78	110.00	13	3.74	87.00	1.42	21.11
7.00	244.88	110.31	13	0.33	65.00	1.80	21.57
8.00	244.87	110.31	13	0.01	52.00	1.74	19.48
9.00	245.34	109.62	13	0.83	64.00	1.29	14.31
10.00	244.59	109.12	13	0.90	68.00	1.56	20.75
11.00	244.62	109.79	13	0.67	45.00	2.50	20.04
12.00	244.39	109.59	13	0.30	48.00	2.10	22.35
13.00	246.20	109.78	13	1.82	32.00	2.39	18.43
7.00	282.51	35.24	14	-1.00	87.00	1.55	21.32
8.00	283.08	35.00	14	0.62	35.00	2.67	18.99
9.00	284.17	35.57	14	1.23	44.00	1.69	20.58
10.00	284.58	33.54	14	2.07	50.00	1.67	23.71
11.00	283.26	33.18	14	1.37	58.00	2.05	20.48
12.00	282.01	33.02	14	1.26	71.00	1.80	19.76
13.00	283.39	33.40	14	1.43	36.00	2.75	28.99
15.00	284.75	36.27	14	-1.00	113.00	1.61	25.75
16.00	285.71	36.21	14	0.96	88.00	1.66	22.94
17.00	289.46	32.57	14	5.23	41.00	1.44	18.98
18.00	289.59	32.81	14	0.27	78.00	0.99	18.23
19.00	290.34	32.52	14	0.80	51.00	1.46	21.06
20.00	289.34	32.27	14	1.03	42.00	1.57	17.99
21.00	290.03	32.56	14	0.75	34.00	2.25	17.61
23.00	290.15	31.88	14	-1.00	68.00	1.37	20.15
24.00	289.22	31.77	14	0.94	82.00	1.41	20.61
25.00	289.34	32.10	14	0.35	66.00	1.66	21.42
26.00	288.76	31.87	14	0.62	43.00	1.63	15.85
27.00	289.67	32.19	14	0.96	57.00	1.64	20.55
28.00	289.26	32.39	14	0.46	55.00	1.86	21.79
29.00	289.63	31.91	14	0.61	50.00	1.52	14.22
30.00	288.79	31.25	14	1.07	63.00	1.22	20.27
2.00	296.30	85.94	15	-1.00	89.00	1.00	21.73
3.00	297.52	85.99	15	1.22	50.00	2.11	18.94
4.00	297.03	84.51	15	1.56	38.00	1.77	19.17
5.00	297.24	85.25	15	0.77	76.00	1.63	13.70
6.00	296.78	84.29	15	1.06	47.00	1.55	16.17
7.00	297.11	85.24	15	1.01	52.00	2.03	16.15
8.00	297.99	85.54	15	0.93	36.00	1.95	19.40
9.00	297.77	85.12	15	0.47	72.00	1.30	20.96
10.00	297.14	85.31	15	0.66	80.00	1.34	23.20
11.00	296.38	84.45	15	1.15	52.00	1.53	17.52
12.00	296.71	85.85	15	1.44	57.00	1.80	18.43
13.00	297.38	85.88	15	0.67	63.00	1.58	19.65
14.00	296.25	86.57	15	1.32	77.00	1.41	22.68
15.00	296.05	86.29	15	0.34	43.00	2.15	19.50
12.00	309.62	87.85	16	-1.00	39.00	1.90	17.71
13.00	308.98	86.81	16	1.22	37.00	2.28	15.59
14.00	309.43	86.65	16	0.48	77.00	1.31	17.14
15.00	308.41	87.25	16	1.18	62.00	1.55	16.19
16.00	309.53	88.62	16	1.77	50.00	2.12	20.43
17.00	309.78	88.11	16	0.57	42.00	1.83	17.98
0.00	229.13	122.44	17	-1.00	94.00	1.51	18.07
1.00	228.84	121.94	17	0.58	84.00	1.28	18.28
2.00	227.78	121.72	17	1.08	69.00	1.36	22.95
3.00	226.69	120.27	17	1.81	51.00	1.88	24.71
4.00	227.98	121.58	17	1.84	40.00	2.75	24.90
5.00	227.66	121.64	17	0.33	90.00	1.51	19.52
6.00	228.40	120.14	17	1.67	85.00	0.73	19.74
7.00	228.94	120.23	17	0.55	81.00	1.12	20.72
8.00	227.84	120.87	17	1.27	101.00	1.54	25.50
9.00	227.64	121.83	17	0.98	59.00	2.26	20.08
10.00	226.40	120.36	17	1.92	106.00	1.68	23.57
11.00	225.91	120.58	17	0.54	56.00	2.40	23.07
12.00	227.28	121.49	17	1.64	57.00	1.57	18.63
13.00	228.01	121.50	17	0.73	54.00	1.74	17.37
14.00	228.52	121.60	17	0.52	71.00	1.54	17.55
15.00	226.86	121.69	17	1.66	74.00	1.51	16.72
16.00	227.83	122.11	17	1.06	66.00	1.20	21.51
17.00	227.89	121.30	17	0.81	43.00	1.75	16.00
18.00	228.25	122.06	17	0.84	43.00	1.71	19.59
20.00	221.02	118.84	17	-1.00	69.00	1.44	18.64
21.00	221.05	118.36	17	0.48	101.00	1.26	21.03
22.00	221.15	118.63	17	0.29	53.00	1.30	18.00
23.00	221.15	119.02	17	0.39	93.00	0.96	15.80
24.00	221.30	119.64	17	0.64	62.00	1.48	18.50
25.00	221.62	120.17	17	0.62	78.00	1.13	18.68
26.00	222.26	119.14	17	1.21	37.00	1.91	19.79
27.00	221.77	118.56	17	0.76	50.00	1.66	19.26
28.00	221.02	118.03	17	0.92	123.00	0.52	22.18
29.00	221.25	118.61	17	0.62	67.00	1.07	21.04
30.00	221.11	118.64	17	0.14	60.00	1.55	18.77
31.00	221.50	118.42	17	0.45	86.00	1.10	21.46
32.00	221.08	117.83	17	0.72	43.00	1.40	14.55
0.00	274.93	115.92	18	-1.00	52.00	2.35	22.38
1.00	275.53	116.23	18	0.68	81.00	1.88	26.04
2.00	275.55	115.67	18	0.56	72.00	1.32	23.31
3.00	275.36	116.21	18	0.57	36.00	2.83	25.18
4.00	274.76	116.36	18	0.62	33.00	4.00	30.73
5.00	274.84	115.86	18	0.51	76.00	1.56	22.99
6.00	273.17	115.54	18	1.70	58.00	1.56	21.42
7.00	274.51	117.35	18	2.25	32.00	3.34	25.15
8.00	275.14	115.44	18	2.01	68.00	1.45	23.63
9.00	275.20	116.03	18	0.59	94.00	1.42	23.80
10.00	275.37	115.78	18	0.30	58.00	1.36	20.98
11.00	275.59	116.18	18	0.46	44.00	1.95	20.54
12.00	275.62	115.57	18	0.61	49.00	1.89	22.97
13.00	274.84	116.29	18	1.06	40.00	2.63	20.29
14.00	274.69	116.74	18	0.47	55.00	2.13	26.28
15.00	275.24	116.76	18	0.55	66.00	2.54	23.55
16.00	275.24	116.14	18	0.62	44.00	2.03	20.89
17.00	275.62	117.14	18	1.07	71.00	1.38	21.97
18.00	274.95	116.82	18	0.74	50.00	2.02	20.92
20.00	275.18	116.15	18	-1.00	59.00	1.70	22.17
21.00	274.87	115.76	18	0.50	32.00	2.99	20.07
22.00	275.72	115.31	18	0.96	63.00	1.59	20.06
23.00	274.02	116.56	18	2.11	48.00	1.96	21.07
24.00	273.40	115.87	18	0.93	53.00	1.37	21.95
26.00	275.55	116.27	18	-1.00	73.00	1.47	19.23
27.00	274.84	116.57	18	0.77	56.00	1.39	18.53
28.00	274.67	116.28	18	0.34	49.00	2.39	18.14
29.00	275.57	116.87	18	1.08	47.00	1.78	23.38
30.00	273.89	116.18	18	1.82	40.00	2.60	20.59
31.00	274.12	115.31	18	0.90	55.00	2.08	18.09
32.00	274.21	115.68	18	0.38	55.00	2.33	25.74
33.00	274.50	115.34	18	0.45	46.00	1.28	17.28
34.00	273.56	116.40	18	1.42	38.00	1.92	18.63
35.00	275.12	115.67	18	1.72	47.00	1.77	20.88
36.00	274.75	116.40	18	0.82	47.00	2.37	17.47
37.00	275.16	116.05	18	0.54	71.00	1.77	22.20
38.00	275.01	116.74	18	0.71	63.00	1.99	18.50
39.00	274.46	117.11	18	0.66	54.00	2.45	23.64
40.00	273.71	116.39	18	1.04	59.00	1.82	24.24
41.00	275.10	116.31	18	1.39	41.00	2.95	24.83
42.00	274.07	115.76	18	1.17	37.00	1.70	23.15
43.00	274.51	116.47	18	0.84	37.00	2.11	17.86
44.00	274.32	115.99	18	0.52	59.00	2.12	18.31
45.00	274.62	116.89	18	0.95	46.00	1.57	21.05
47.00	274.19	115.66	18	-1.00	48.00	1.77	22.02
48.00	274.15	117.19	18	1.53	65.00	1.83	22.90
49.00	274.84	116.48	18	0.99	56.00	1.98	18.58
50.00	274.48	115.53	18	1.02	42.00	2.71	23.37
51.00	274.79	116.63	18	1.14	52.00	2.14	20.88
52.00	274.93	115.64	18	1.00	39.00	2.00	20.97
53.00	274.72	116.58	18	0.96	38.00	2.33	20.87
54.00	274.67	117.47	18	0.89	36.00	1.94	18.62
55.00	274.99	116.39	18	1.13	41.00	2.65	25.71
56.00	275.36	115.56	18	0.91	76.00	1.63	16.10
57.00	274.80	116.80	18	1.36	57.00	2.11	19.94
59.00	275.18	115.69	18	-1.00	54.00	1.75	19.77
60.00	274.74	116.56	18	0.97	64.00	1.95	17.54
61.00	274.52	115.50	18	1.08	67.00	1.59	23.12
62.00	273.36	116.31	18	1.41	45.00	1.85	19.44
63.00	274.65	115.53	18	1.51	56.00	1.99	26.09
64.00	274.67	115.90	18	0.37	39.00	1.88	28.35
65.00	274.53	115.05	18	0.86	68.00	1.38	19.54
66.00	275.74	116.61	18	1.97	51.00	1.18	18.96
67.00	274.25	114.89	18	2.28	52.00	1.80	22.01
13.00	315.07	69.92	19	-1.00	72.00	1.59	23.70
14.00	314.86	69.54	19	0.43	68.00	1.31	24.56
15.00	315.51	69.80	19	0.70	53.00	2.16	24.32
16.00	316.37	69.59	19	0.89	54.00	2.26	22.14
17.00	316.78	68.58	19	1.09	59.00	1.40	29.22
18.00	318.06	70.63	19	2.42	84.00	0.63	20.86
19.00	315.04	70.89	19	3.03	88.00	1.15	16.09
17.00	235.22	108.69	20	-1.00	107.00	1.41	18.08
18.00	238.95	113.84	20	6.36	48.00	1.63	19.02
19.00	239.70	113.05	20	1.09	47.00	1.43	16.27
20.00	245.34	110.34	20	6.26	38.00	2.19	17.48
15.00	234.90	107.60	21	-1.00	57.00	1.30	15.78
16.00	233.87	108.16	21	1.17	62.00	1.92	16.79
17.00	235.30	108.60	21	1.50	37.00	3.60	29.55
18.00	236.61	100.55	21	8.16	43.00	2.19	17.74
19.00	236.10	103.89	21	3.38	56.00	1.42	16.62
20.00	234.53	103.83	21	1.57	68.00	1.60	16.13
0.00	275.54	60.70	22	-1.00	60.00	2.41	20.32
1.00	274.16	59.21	22	2.03	34.00	3.05	22.24
2.00	275.19	59.05	22	1.04	90.00	1.85	22.85
3.00	273.78	58.76	22	1.44	59.00	2.67	24.71
4.00	275.55	58.82	22	1.77	68.00	1.57	18.88
5.00	274.84	56.56	22	2.37	36.00	1.82	19.66
6.00	274.20	57.76	22	1.36	67.00	1.88	21.32
7.00	273.93	58.67	22	0.95	45.00	1.81	27.41
8.00	273.08	58.37	22	0.90	79.00	1.99	19.31
9.00	272.83	57.98	22	0.46	58.00	1.95	24.85
10.00	273.08	57.21	22	0.81	64.00	1.72	22.65
11.00	272.83	57.50	22	0.38	43.00	1.89	19.90
12.00	273.54	57.44	22	0.71	65.00	1.84	19.74
13.00	274.23	57.74	22	0.75	62.00	2.63	25.84
14.00	274.93	59.51	22	1.90	71.00	1.72	22.99
15.00	274.93	59.14	22	0.37	59.00	1.66	18.96
16.00	275.37	59.89	22	0.87	65.00	1.79	19.54
17.00	275.56	60.34	22	0.49	52.00	1.90	20.91
18.00	276.15	59.16	22	1.32	43.00	2.51	22.56
19.00	274.16	58.00	22	2.30	42.00	1.66	20.32
20.00	273.90	58.48	22	0.55	50.00	1.41	19.05
22.00	271.13	58.69	22	-1.00	59.00	1.49	23.46
23.00	273.78	59.75	22	2.85	45.00	1.63	19.18
24.00	274.58	58.89	22	1.17	39.00	2.81	21.75
25.00	275.17	60.34	22	1.57	81.00	1.33	25.26
26.00	274.24	59.26	22	1.43	31.00	4.00	26.13
27.00	276.73	60.64	22	2.85	38.00	2.04	16.65
28.00	274.51	59.91	22	2.34	52.00	2.69	25.43
29.00	275.08	59.75	22	0.59	56.00	1.71	23.81
18.00	308.06	58.16	23	-1.00	41.00	2.45	21.73
19.00	308.08	56.96	23	1.20	51.00	1.17	15.73
20.00	304.88	63.38	23	7.17	52.00	1.13	20.09
21.00	308.69	56.91	23	7.51	69.00	0.78	14.30
19.00	292.57	90.27	24	-1.00	36.00	1.83	15.76
20.00	297.49	86.33	24	6.30	41.00	1.76	14.32
21.00	298.46	84.34	24	2.21	43.00	1.59	16.80
22.00	297.65	85.39	24	1.33	47.00	1.72	14.28
19.00	251.32	64.42	25	-1.00	66.00	1.37	19.61
20.00	250.70	64.97	25	0.83	43.00	1.94	22.38
21.00	248.88	66.01	25	2.10	60.00	2.08	20.39
22.00	249.43	65.29	25	0.91	35.00	2.33	17.45
20.00	290.96	75.35	26	-1.00	37.00	1.64	18.33
21.00	289.06	75.23	26	1.90	52.00	1.53	18.34
22.00	289.20	73.36	26	1.88	58.00	1.68	17.29
23.00	290.56	74.31	26	1.66	46.00	1.60	19.29
19.00	302.42	35.23	27	-1.00	59.00	1.21	17.28
20.00	303.18	37.90	27	2.78	47.00	1.89	23.42
21.00	302.91	36.79	27	1.14	35.00	3.89	20.04
22.00	303.72	35.38	27	1.63	82.00	1.44	20.63
23.00	305.83	34.02	27	2.51	34.00	2.60	23.01
19.00	252.38	140.45	28	-1.00	38.00	2.30	21.46
20.00	254.43	143.98	28	4.08	32.00	3.94	22.70
21.00	252.48	147.79	28	4.28	41.00	1.50	19.86
22.00	253.68	139.25	28	8.62	36.00	2.97	19.32
23.00	253.14	140.40	28	1.27	51.00	2.00	17.60
24.00	253.40	140.40	28	0.26	41.00	2.36	23.11
25.00	249.53	137.15	28	5.05	34.00	2.13	20.93
26.00	264.43	110.39	29	-1.00	40.00	2.13	21.74
27.00	263.40	110.16	29	1.06	52.00	1.27	17.06
28.00	264.48	109.96	29	1.10	36.00	1.86	16.58
29.00	263.77	112.32	29	2.46	35.00	1.81	17.40
24.00	245.48	109.73	30	-1.00	44.00	2.21	18.29
25.00	246.15	108.88	30	1.08	41.00	1.40	20.67
26.00	245.91	109.60	30	0.76	31.00	2.89	14.82
27.00	246.57	108.90	30	0.96	35.00	1.96	19.83
28.00	245.91	109.38	30	0.82	50.00	1.68	19.44
29.00	245.01	109.12	30	0.94	41.00	1.47	15.10
26.00	315.36	70.97	31	-1.00	45.00	1.72	16.98
27.00	315.74	70.52	31	0.59	65.00	1.15	14.47
28.00	316.41	78.81	31	8.32	36.00	1.96	16.24
29.00	316.87	79.22	31	0.62	112.00	0.63	20.83
15.00	234.37	139.79	32	-1.00	36.00	2.07	18.49
16.00	234.45	139.88	32	0.12	71.00	1.28	17.48
17.00	233.62	141.38	32	1.71	52.00	1.50	16.91
18.00	233.55	140.95	32	0.44	77.00	1.63	19.12
19.00	233.71	140.81	32	0.21	39.00	2.01	21.23
20.00	233.99	140.29	32	0.59	56.00	1.37	18.02
21.00	235.07	139.73	32	1.22	82.00	1.40	18.16
22.00	234.85	140.75	32	1.04	71.00	1.66	17.27
23.00	235.15	140.73	32	0.30	57.00	1.67	20.53
24.00	234.19	140.47	32	0.99	71.00	1.50	20.50
25.00	235.69	140.39	32	1.50	45.00	2.62	16.98
26.00	237.23	140.75	32	1.58	75.00	1.31	18.28
27.00	235.79	140.08	32	1.59	48.00	1.83	21.80
28.00	233.99	140.82	32	1.95	60.00	1.80	19.73
29.00	234.30	139.80	32	1.07	79.00	1.32	18.17
30.00	234.43	139.59	32	0.25	64.00	1.63	20.85
23.00	237.79	71.87	33	-1.00	47.00	1.31	15.00
24.00	238.52	72.23	33	0.81	39.00	1.77	18.09
25.00	238.52	72.16	33	0.07	40.00	1.88	18.58
26.00	238.93	71.27	33	0.98	64.00	1.46	17.22
27.00	238.92	71.18	33	0.09	58.00	1.93	23.47
28.00	240.42	79.18	33	8.14	59.00	1.42	17.14
29.00	236.09	76.60	33	5.04	70.00	1.54	17.83
30.00	236.45	75.31	33	1.34	35.00	2.39	20.24
32.00	234.97	77.59	33	-1.00	57.00	1.72	19.58
33.00	238.06	79.70	33	3.74	42.00	1.64	20.11
34.00	239.96	79.42	33	1.92	77.00	1.47	20.69
35.00	236.03	78.90	33	3.96	83.00	0.74	18.68
31.00	244.57	63.83	34	-1.00	77.00	1.41	20.18
32.00	243.63	65.01	34	1.51	99.00	1.52	26.54
33.00	242.55	64.95	34	1.08	80.00	1.43	22.76
34.00	245.64	67.87	34	4.25	61.00	2.03	25.26
0.00	319.30	39.12	35	-1.00	41.00	1.68	21.39
1.00	314.98	41.00	35	4.71	69.00	1.56	24.64
2.00	313.33	40.93	35	1.65	121.00	1.60	22.29
3.00	314.04	44.75	35	3.89	60.00	2.21	19.24
4.00	316.19	42.42	35	3.17	98.00	1.81	24.83
5.00	314.80	44.70	35	2.67	93.00	1.56	20.92
6.00	315.47	43.74	35	1.17	94.00	1.79	23.04
7.00	316.53	45.29	35	1.88	100.00	1.74	22.04
8.00	317.63	42.81	35	2.71	48.00	2.40	22.42
9.00	324.20	43.77	35	6.64	32.00	4.00	32.04
10.00	322.77	46.91	35	3.45	77.00	1.02	21.90
11.00	326.56	50.34	35	5.11	75.00	1.54	21.84
12.00	326.89	49.14	35	1.24	57.00	1.84	20.84
13.00	327.00	50.70	35	1.56	80.00	1.30	21.67
14.00	327.06	50.52	35	0.19	79.00	1.34	26.10
15.00	326.81	51.14	35	0.67	33.00	2.41	24.66
16.00	327.49	54.49	35	3.42	56.00	1.87	22.61
17.00	329.01	51.93	35	2.98	78.00	1.13	20.89
18.00	328.29	50.92	35	1.24	50.00	1.84	22.37
19.00	328.83	51.42	35	0.74	88.00	1.08	20.01
20.00	328.15	52.41	35	1.20	38.00	1.62	20.63
21.00	327.47	54.66	35	2.35	61.00	2.32	25.30
22.00	327.52	52.17	35	2.49	33.00	2.56	23.36
23.00	327.75	53.46	35	1.31	60.00	1.83	25.24
24.00	328.20	53.10	35	0.58	60.00	1.53	20.20
25.00	327.97	52.63	35	0.52	73.00	1.88	23.12
26.00	328.57	52.49	35	0.62	107.00	1.31	18.48
27.00	327.86	52.18	35	0.77	85.00	1.69	21.14
28.00	327.61	51.43	35	0.79	60.00	1.78	13.95
29.00	327.47	50.86	35	0.59	67.00	1.82	22.00
30.00	327.02	52.20	35	1.41	83.00	1.64	20.39
31.00	327.43	52.39	35	0.45	69.00	1.76	18.22
32.00	327.79	52.49	35	0.37	76.00	1.28	19.52
33.00	328.40	52.85	35	0.71	33.00	2.19	17.73
34.00	326.04	54.82	35	3.07	39.00	1.95	13.46
35.00	327.85	53.78	35	2.09	37.00	1.82	20.20
5.00	267.98	88.78	36	-1.00	56.00	1.69	18.50
6.00	267.97	88.17	36	0.61	70.00	1.58	19.26
7.00	268.40	88.73	36	0.71	65.00	1.63	18.31
8.00	269.12	88.49	36	0.76	43.00	1.98	17.16
9.00	268.63	88.40	36	0.50	49.00	1.77	21.39
10.00	269.51	89.19	36	1.18	51.00	1.80	18.60
11.00	269.39	88.42	36	0.78	46.00	1.60	19.02
12.00	268.94	89.40	36	1.08	100.00	1.10	20.53
13.00	268.83	89.78	36	0.40	71.00	1.94	23.91
14.00	268.46	89.62	36	0.40	97.00	1.14	21.58
15.00	268.02	88.84	36	0.90	66.00	1.44	16.64
16.00	268.16	89.23	36	0.41	74.00	1.18	20.79
17.00	268.46	87.60	36	1.66	87.00	1.24	18.33
18.00	268.47	88.13	36	0.53	48.00	1.59	18.74
19.00	268.63	87.74	36	0.42	74.00	1.61	22.38
20.00	268.19	89.13	36	1.46	106.00	1.29	25.55
21.00	264.54	88.40	36	3.72	69.00	1.93	23.90
22.00	264.12	88.49	36	0.43	75.00	1.47	16.47
23.00	265.15	87.89	36	1.19	57.00	1.44	17.41
24.00	264.76	89.03	36	1.20	108.00	1.07	17.49
25.00	264.68	88.95	36	0.11	65.00	1.92	19.26
26.00	266.19	87.71	36	1.95	91.00	1.31	23.69
27.00	264.96	86.90	36	1.47	94.00	1.06	20.79
28.00	265.27	87.61	36	0.77	52.00	1.58	18.29
29.00	266.11	87.58	36	0.84	48.00	1.60	18.38
30.00	271.02	87.55	36	4.91	46.00	1.54	15.79
31.00	265.03	87.59	36	5.99	58.00	1.57	20.06
32.00	264.87	87.30	36	0.33	45.00	1.47	17.00
33.00	266.08	87.51	36	1.23	44.00	2.07	18.02
34.00	265.75	88.07	36	0.65	66.00	1.29	18.15
35.00	265.05	88.66	36	0.92	59.00	1.33	19.00
36.00	263.89	87.98	36	1.34	75.00	1.41	21.00
0.00	285.40	45.07	37	-1.00	155.00	1.56	19.76
1.00	285.50	44.56	37	0.52	118.00	1.54	22.07
2.00	285.14	44.57	37	0.36	103.00	1.72	22.69
3.00	285.03	45.41	37	0.85	109.00	1.40	24.83
4.00	285.80	44.55	37	1.15	125.00	1.57	28.96
5.00	286.20	44.79	37	0.47	86.00	1.70	20.80
6.00	285.93	45.21	37	0.50	87.00	1.71	23.19
7.00	285.70	43.92	37	1.31	127.00	1.76	20.90
8.00	285.27	44.66	37	0.86	88.00	2.04	24.79
9.00	286.04	43.60	37	1.31	153.00	1.29	29.80
10.00	285.66	43.29	37	0.49	187.00	1.40	27.93
11.00	286.00	43.28	37	0.34	121.00	1.68	27.18
12.00	285.32	44.35	37	1.27	106.00	1.33	21.00
13.00	286.22	44.16	37	0.92	96.00	1.16	22.56
14.00	285.70	44.49	37	0.62	66.00	1.70	21.97
15.00	285.66	44.79	37	0.30	78.00	1.52	21.58
16.00	286.37	43.83	37	1.19	65.00	2.02	23.89
17.00	286.15	44.72	37	0.92	78.00	1.67	22.96
18.00	285.60	44.46	37	0.61	85.00	1.94	27.07
19.00	285.73	44.60	37	0.19	102.00	1.69	20.59
20.00	286.73	44.30	37	1.04	97.00	1.85	26.46
21.00	286.75	42.92	37	1.38	86.00	1.89	18.00
22.00	287.23	44.10	37	1.27	50.00	1.85	18.82
23.00	286.97	43.55	37	0.61	70.00	1.61	27.28
24.00	285.76	41.45	37	2.42	67.00	0.96	18.66
25.00	286.94	42.75	37	1.76	41.00	3.94	28.23
26.00	284.51	41.96	37	2.56	77.00	1.95	23.61
27.00	284.46	43.01	37	1.05	86.00	1.80	25.50
28.00	285.13	44.31	37	1.46	93.00	1.81	20.65
29.00	285.97	43.76	37	1.00	71.00	1.78	24.15
30.00	284.93	43.54	37	1.06	74.00	2.13	22.89
31.00	284.90	43.75	37	0.21	149.00	1.51	22.19
32.00	284.77	42.99	37	0.77	107.00	1.97	25.83
33.00	284.56	43.44	37	0.50	84.00	1.40	23.31
34.00	284.47	43.72	37	0.29	102.00	1.48	20.77
35.00	284.90	43.61	37	0.44	79.00	1.49	17.71
36.00	284.61	44.11	37	0.58	61.00	1.95	20.67
37.00	283.70	45.16	37	1.39	66.00	1.47	19.06
39.00	284.76	44.31	37	-1.00	51.00	2.04	18.08
40.00	284.30	43.66	37	0.80	72.00	1.47	18.86
41.00	284.48	43.68	37	0.18	69.00	1.71	23.03
42.00	284.72	43.87	37	0.31	59.00	1.17	19.10
43.00	284.95	42.46	37	1.43	108.00	1.46	19.72
44.00	284.41	43.23	37	0.94	60.00	1.44	20.99
45.00	284.63	43.29	37	0.23	69.00	1.72	17.99
46.00	284.61	43.66	37	0.37	100.00	1.33	20.57
47.00	284.58	43.31	37	0.35	108.00	1.51	23.79
48.00	283.86	42.91	37	0.82	73.00	1.78	25.91
49.00	283.99	42.12	37	0.80	82.00	1.79	20.22
50.00	284.43	42.61	37	0.66	60.00	2.07	18.01
51.00	284.63	43.55	37	0.96	96.00	1.36	21.93
52.00	285.35	44.16	37	0.94	56.00	1.92	21.98
53.00	284.33	43.94	37	1.04	77.00	1.45	20.72
54.00	284.31	44.08	37	0.14	55.00	1.22	20.24
55.00	284.41	44.13	37	0.11	66.00	2.08	21.35
56.00	284.31	44.07	37	0.12	105.00	1.53	19.98
57.00	285.05	43.44	37	0.97	80.00	1.91	18.61
58.00	284.32	42.72	37	1.03	56.00	1.77	17.47
59.00	284.40	43.28	37	0.57	82.00	1.79	17.24
60.00	285.08	43.58	37	0.74	62.00	2.02	22.80
36.00	297.33	85.46	38	-1.00	45.00	1.44	18.65
37.00	298.54	84.07	38	1.84	51.00	1.57	17.73
38.00	300.00	84.36	38	1.49	87.00	2.09	19.46
39.00	299.02	84.85	38	1.10	39.00	2.09	17.56
40.00	297.86	84.07	38	1.40	42.00	1.47	17.34
41.00	297.96	84.09	38	0.10	53.00	1.16	14.76
0.00	315.79	65.24	39	-1.00	74.00	1.98	18.70
1.00	316.38	65.04	39	0.62	63.00	1.36	23.81
2.00	316.27	64.50	39	0.55	71.00	1.88	22.94
3.00	315.82	65.07	39	0.73	74.00	2.44	25.16
4.00	315.43	65.63	39	0.68	91.00	2.11	29.03
5.00	315.44	67.66	39	2.03	49.00	2.87	26.52
6.00	315.15	66.24	39	1.45	75.00	1.64	21.25
7.00	315.26	65.04	39	1.21	52.00	2.37	24.35
8.00	315.55	65.56	39	0.60	55.00	2.24	26.97
9.00	315.39	64.83	39	0.75	33.00	2.30	25.99
10.00	315.67	65.66	39	0.88	48.00	2.51	25.10
11.00	315.15	65.24	39	0.67	60.00	1.63	22.81
12.00	315.65	65.47	39	0.55	69.00	1.69	20.44
13.00	315.44	65.19	39	0.35	67.00	1.70	22.94
14.00	316.24	65.34	39	0.81	41.00	2.10	27.89
15.00	316.25	66.00	39	0.66	37.00	2.32	20.42
16.00	317.19	65.06	39	1.33	44.00	1.94	20.31
17.00	317.25	64.37	39	0.69	86.00	1.72	25.10
18.00	317.54	64.36	39	0.29	42.00	1.90	21.83
19.00	316.44	64.22	39	1.11	54.00	1.99	22.00
20.00	316.91	64.45	39	0.52	69.00	1.61	17.29
21.00	315.74	64.00	39	1.25	72.00	1.60	18.17
22.00	315.93	65.71	39	1.72	53.00	2.11	25.08
23.00	315.63	65.19	39	0.60	45.00	2.58	24.35
24.00	316.33	64.04	39	1.35	59.00	2.01	25.29
25.00	316.77	63.41	39	0.77	85.00	1.58	15.76
26.00	316.25	63.81	39	0.66	75.00	2.35	24.35
27.00	315.23	63.86	39	1.02	73.00	1.76	19.30
28.00	315.25	64.39	39	0.53	83.00	2.14	23.82
29.00	315.62	64.00	39	0.54	43.00	2.00	35.76
30.00	314.23	63.97	39	1.39	51.00	2.18	21.06
31.00	315.45	63.42	39	1.34	41.00	4.00	33.68
32.00	315.65	64.01	39	0.62	51.00	2.28	23.40
33.00	314.59	64.05	39	1.06	71.00	1.69	22.28
34.00	315.33	63.41	39	0.98	59.00	2.19	23.63
35.00	315.77	63.79	39	0.58	70.00	1.89	23.40
36.00	315.49	64.13	39	0.44	84.00	1.81	20.73
37.00	315.78	63.77	39	0.46	85.00	1.80	22.66
38.00	315.55	63.99	39	0.32	78.00	1.80	21.55
39.00	315.19	63.75	39	0.43	76.00	1.89	20.85
40.00	314.80	65.13	39	1.43	44.00	1.96	22.16
41.00	314.84	64.19	39	0.94	42.00	2.20	17.27
43.00	315.21	64.74	39	-1.00	35.00	2.64	17.14
44.00	315.42	64.40	39	0.40	45.00	2.21	24.10
45.00	316.60	65.01	39	1.33	55.00	1.71	18.46
46.00	316.57	63.58	39	1.43	54.00	2.06	21.32
47.00	316.35	64.33	39	0.78	55.00	2.07	26.00
48.00	316.76	64.79	39	0.62	78.00	2.03	21.64
49.00	316.24	64.85	39	0.52	119.00	1.56	23.74
50.00	315.40	64.36	39	0.97	68.00	1.83	18.51
51.00	315.57	63.84	39	0.55	65.00	1.80	22.69
52.00	316.20	64.42	39	0.86	71.00	1.68	20.36
53.00	315.53	64.53	39	0.68	74.00	1.70	18.76
54.00	315.54	64.05	39	0.48	49.00	2.67	19.15
55.00	316.46	64.54	39	1.04	49.00	1.75	21.55
56.00	315.39	64.51	39	1.07	67.00	1.67	20.00
57.00	315.89	64.48	39	0.50	49.00	2.29	19.03
58.00	316.48	64.09	39	0.71	64.00	1.78	23.63
59.00	315.95	63.75	39	0.63	46.00	1.85	16.12
60.00	316.78	63.67	39	0.83	60.00	1.86	20.96
61.00	316.40	63.04	39	0.74	35.00	3.61	31.90
62.00	315.64	62.70	39	0.83	32.00	2.97	22.02
63.00	315.69	63.55	39	0.85	59.00	1.47	21.58
64.00	315.51	62.73	39	0.84	56.00	1.68	23.85
65.00	316.12	64.63	39	2.00	56.00	1.66	17.58
66.00	315.71	64.20	39	0.59	55.00	1.76	17.42
67.00	314.99	64.75	39	0.91	53.00	1.61	21.87
68.00	315.21	64.54	39	0.30	99.00	1.46	21.81
69.00	315.93	64.60	39	0.72	90.00	1.58	20.53
70.00	315.37	64.46	39	0.58	70.00	1.64	19.08
71.00	315.43	65.14	39	0.68	52.00	1.56	16.60
72.00	316.55	64.71	39	1.20	70.00	1.30	20.19
73.00	315.83	64.67	39	0.72	86.00	1.56	22.65
74.00	315.77	65.32	39	0.65	79.00	1.72	19.66
75.00	316.34	65.02	39	0.64	80.00	1.88	20.09
76.00	316.17	64.89	39	0.21	53.00	1.66	19.82
77.00	317.27	64.56	39	1.15	51.00	2.36	19.97
78.00	316.72	65.30	39	0.92	52.00	2.23	21.88
79.00	316.43	66.11	39	0.86	52.00	1.90	20.68
39.00	255.63	143.44	40	-1.00	34.00	2.32	19.53
40.00	254.50	142.50	40	1.47	48.00	2.44	23.73
41.00	253.91	141.45	40	1.20	49.00	2.06	23.88
42.00	254.27	143.32	40	1.90	37.00	1.85	23.55
43.00	253.10	142.31	40	1.55	41.00	2.86	20.22
44.00	253.39	143.34	40	1.07	65.00	2.25	22.61
46.00	253.30	136.64	40	-1.00	50.00	1.90	23.66
47.00	253.83	136.31	40	0.62	53.00	1.12	22.59
48.00	256.02	142.01	40	6.11	146.00	0.39	25.34
49.00	256.78	142.25	40	0.80	39.00	2.75	18.49
50.00	254.87	142.33	40	1.91	76.00	1.45	19.55
52.00	254.16	142.59	40	-1.00	60.00	2.39	26.86
53.00	254.26	142.76	40	0.20	69.00	1.94	18.24
54.00	252.80	142.44	40	1.49	51.00	1.48	21.38
55.00	255.21	139.27	40	3.98	38.00	2.08	16.96
40.00	326.39	52.03	41	-1.00	85.00	1.77	27.21
41.00	325.35	51.75	41	1.08	65.00	1.64	18.88
42.00	325.76	50.45	41	1.36	100.00	1.60	21.66
43.00	327.34	50.43	41	1.58	35.00	2.16	18.53
44.00	327.89	49.25	41	1.30	38.00	1.70	14.80
31.00	247.56	77.00	42	-1.00	37.00	1.81	18.29
32.00	252.30	78.72	42	5.04	63.00	1.89	21.49
33.00	255.26	79.22	42	3.00	52.00	2.41	22.51
34.00	255.37	78.69	42	0.54	105.00	1.54	27.89
35.00	255.13	78.00	42	0.73	49.00	1.90	20.76
36.00	254.28	78.75	42	1.13	34.00	3.94	32.50
37.00	253.67	80.41	42	1.77	63.00	2.34	25.29
38.00	254.56	79.21	42	1.49	34.00	2.43	13.98
39.00	255.96	79.31	42	1.40	58.00	1.16	18.22
40.00	254.50	78.48	42	1.68	63.00	2.20	20.11
41.00	254.64	78.83	42	0.38	68.00	1.54	18.01
42.00	254.14	79.51	42	0.84	53.00	1.65	17.41
43.00	255.09	78.40	42	1.46	42.00	1.72	18.27
44.00	252.21	78.90	42	2.92	43.00	1.44	30.37
45.00	251.85	80.39	42	1.53	63.00	2.22	20.31
46.00	252.47	77.49	42	2.97	39.00	2.73	21.94
47.00	250.84	74.79	42	3.15	62.00	1.24	20.50
0.00	294.18	58.53	43	-1.00	57.00	2.17	25.19
1.00	297.05	58.68	43	2.87	59.00	1.00	15.39
2.00	295.66	59.06	43	1.44	48.00	2.04	21.04
3.00	297.49	59.46	43	1.87	77.00	1.30	22.98
4.00	295.63	58.86	43	1.95	83.00	0.66	20.60
5.00	297.31	58.49	43	1.72	51.00	1.65	22.19
6.00	297.56	58.16	43	0.41	76.00	1.52	21.39
7.00	297.78	58.94	43	0.81	77.00	1.73	24.36
8.00	297.32	58.57	43	0.59	46.00	1.44	22.77
9.00	296.18	61.08	43	2.76	72.00	2.35	23.31
10.00	296.16	61.40	43	0.32	138.00	1.26	23.59
11.00	295.98	59.78	43	1.63	60.00	1.91	24.61
12.00	297.05	59.59	43	1.09	60.00	1.24	19.93
13.00	296.09	59.08	43	1.09	97.00	1.16	16.45
14.00	296.34	58.86	43	0.33	55.00	1.15	21.04
15.00	296.07	59.11	43	0.37	97.00	1.46	23.34
16.00	296.99	59.93	43	1.23	172.00	0.89	25.11
17.00	296.98	59.86	43	0.07	85.00	1.69	22.72
18.00	296.44	60.65	43	0.96	79.00	1.62	20.41
19.00	296.01	60.59	43	0.43	84.00	1.48	20.57
20.00	296.32	60.39	43	0.37	94.00	1.54	15.01
21.00	296.66	61.49	43	1.15	148.00	1.55	24.19
22.00	296.25	61.17	43	0.52	114.00	1.54	20.66
23.00	296.29	62.00	43	0.83	82.00	1.50	21.81
24.00	296.66	61.44	43	0.67	81.00	1.82	17.89
25.00	295.92	61.79	43	0.82	66.00	1.71	18.25
26.00	296.12	61.61	43	0.27	36.00	1.86	17.83
27.00	294.31	61.57	43	1.81	74.00	1.45	20.67
28.00	295.70	62.51	43	1.68	69.00	1.96	23.41
29.00	295.26	62.59	43	0.45	102.00	1.55	18.15
30.00	295.00	61.40	43	1.22	100.00	1.44	22.90
31.00	294.74	61.51	43	0.28	34.00	2.23	17.18
32.00	295.53	61.67	43	0.81	85.00	1.34	20.01
33.00	295.77	62.12	43	0.51	112.00	1.47	22.12
34.00	293.16	63.72	43	3.06	38.00	2.19	21.64
35.00	294.33	62.88	43	1.44	79.00	1.38	17.32
36.00	295.76	61.74	43	1.83	75.00	1.47	20.11
37.00	296.48	60.80	43	1.18	62.00	1.15	18.72
38.00	295.30	59.88	43	1.50	54.00	1.55	19.39
39.00	295.49	59.87	43	0.19	50.00	1.92	16.81
40.00	294.86	59.97	43	0.64	40.00	1.51	18.38
41.00	295.71	59.77	43	0.87	52.00	1.68	19.84
42.00	295.46	59.87	43	0.27	114.00	1.21	14.84
43.00	294.99	60.96	43	1.19	45.00	1.64	14.48
44.00	296.09	60.26	43	1.30	96.00	1.37	16.00
45.00	296.35	59.52	43	0.78	47.00	1.72	17.44
46.00	296.59	59.64	43	0.27	53.00	1.66	18.67
47.00	295.77	59.86	43	0.85	60.00	1.06	18.60
45.00	235.61	105.74	44	-1.00	78.00	1.24	19.22
46.00	234.72	102.81	44	3.06	44.00	1.44	21.04
47.00	242.55	98.62	44	8.88	36.00	3.94	18.78
48.00	244.45	99.15	44	1.97	47.00	1.52	17.30
49.00	238.77	96.27	44	6.37	48.00	1.41	19.55
45.00	264.83	92.05	45	-1.00	57.00	1.59	16.02
46.00	267.91	91.53	45	3.12	91.00	1.20	23.41
47.00	269.39	94.05	45	2.92	68.00	1.27	16.89
48.00	270.23	94.72	45	1.07	72.00	1.07	20.92
49.00	270.31	94.79	45	0.11	70.00	1.38	14.85
43.00	247.80	70.19	46	-1.00	45.00	1.57	19.36
44.00	245.34	73.29	46	3.96	45.00	1.75	20.65
45.00	247.91	71.05	46	3.41	60.00	1.69	23.05
46.00	248.90	71.34	46	1.03	85.00	1.51	19.25
47.00	249.56	72.43	46	1.27	37.00	3.19	24.63
48.00	249.01	70.78	46	1.74	73.00	1.89	20.80
49.00	248.31	69.74	46	1.25	54.00	1.57	22.28
42.00	220.53	117.74	47	-1.00	46.00	1.86	16.86
43.00	220.80	118.12	47	0.47	60.00	1.23	20.29
44.00	221.04	118.42	47	0.38	97.00	1.00	15.37
45.00	221.53	118.17	47	0.55	68.00	1.60	17.13
46.00	221.32	117.99	47	0.28	65.00	1.41	18.66
47.00	221.34	118.00	47	0.02	69.00	1.50	14.86
48.00	221.33	118.29	47	0.29	86.00	0.72	16.42
49.00	221.89	118.07	47	0.60	62.00	1.30	21.05
50.00	221.24	118.70	47	0.91	50.00	1.58	24.16
51.00	221.02	118.73	47	0.22	46.00	1.55	17.83
52.00	224.94	122.04	47	5.13	38.00	2.82	18.83
53.00	221.57	118.58	47	4.83	69.00	1.54	23.01
54.00	221.16	118.48	47	0.42	83.00	1.46	23.01
55.00	221.13	117.76	47	0.72	78.00	0.75	15.74
56.00	220.90	118.89	47	1.15	44.00	1.80	21.02
57.00	221.19	118.61	47	0.40	74.00	0.77	17.18
44.00	264.97	86.74	48	-1.00	80.00	1.57	20.89
45.00	263.75	87.37	48	1.37	61.00	1.50	18.47
46.00	264.47	87.71	48	0.80	67.00	1.58	22.02
47.00	263.94	87.30	48	0.67	39.00	1.66	19.05
48.00	264.33	87.57	48	0.47	67.00	1.60	19.86
49.00	258.51	88.22	48	5.86	41.00	1.96	17.10
50.00	265.37	88.25	48	6.86	41.00	1.66	16.49
51.00	265.01	87.31	48	1.01	57.00	1.47	22.21
53.00	264.56	86.92	48	-1.00	47.00	1.76	16.89
54.00	264.32	89.12	48	2.21	59.00	1.52	20.89
55.00	262.22	84.15	48	5.40	54.00	1.27	18.31
56.00	263.83	75.78	48	8.52	68.00	1.59	20.98
48.00	297.43	85.52	49	-1.00	57.00	1.91	15.13
49.00	293.25	80.62	49	6.44	59.00	1.62	19.75
50.00	293.38	82.51	49	1.89	34.00	2.78	17.36
51.00	293.97	83.20	49	0.91	52.00	1.29	18.13
52.00	299.01	84.24	49	5.15	44.00	1.33	15.30
40.00	275.08	58.83	50	-1.00	35.00	2.03	16.54
41.00	275.06	57.91	50	0.92	39.00	2.18	18.54
42.00	274.44	58.55	50	0.89	42.00	1.40	17.74
43.00	276.20	58.53	50	1.76	45.00	2.18	15.57
44.00	276.37	58.03	50	0.53	44.00	1.49	17.94
45.00	276.43	59.25	50	1.22	50.00	1.78	17.84
46.00	276.87	59.15	50	0.45	52.00	2.15	24.48
47.00	277.55	59.86	50	0.98	40.00	2.62	21.81
48.00	276.93	60.16	50	0.69	53.00	1.43	18.78
49.00	274.27	59.38	50	2.77	48.00	1.90	20.49
50.00	276.98	59.99	50	2.78	37.00	2.36	19.34
51.00	273.84	58.81	50	3.35	42.00	1.87	19.63
52.00	275.85	58.11	50	2.13	32.00	2.43	19.40
48.00	269.51	77.77	51	-1.00	52.00	1.62	20.13
49.00	267.59	78.47	51	2.04	41.00	1.66	19.14
50.00	269.24	78.15	51	1.68	47.00	1.44	18.51
51.00	270.52	77.73	51	1.35	41.00	2.04	18.40
52.00	272.23	72.20	51	5.79	76.00	1.21	18.58
53.00	271.87	72.11	51	0.37	42.00	1.52	17.28
53.00	263.71	109.19	52	-1.00	39.00	2.31	19.47
54.00	263.75	110.98	52	1.79	131.00	0.94	29.17
55.00	264.78	110.31	52	1.23	58.00	1.25	16.32
56.00	264.80	109.73	52	0.58	58.00	1.01	18.26
57.00	265.09	110.29	52	0.63	47.00	1.76	24.33
58.00	265.10	109.39	52	0.90	62.00	1.73	24.15
57.00	319.81	56.69	53	-1.00	41.00	2.00	21.20
58.00	321.84	55.99	53	2.15	57.00	1.63	18.02
59.00	320.70	55.56	53	1.22	74.00	1.64	19.08
60.00	318.35	57.48	53	3.03	68.00	1.55	21.11
61.00	317.68	57.87	53	0.78	52.00	1.60	17.31
44.00	316.21	43.85	54	-1.00	42.00	1.74	19.35
45.00	308.86	47.14	54	8.05	36.00	1.90	24.66
46.00	306.70	54.88	54	8.04	34.00	2.04	19.92
47.00	307.41	56.12	54	1.43	83.00	1.59	22.49
48.00	307.18	56.59	54	0.52	79.00	1.71	19.43
49.00	307.49	56.93	54	0.46	85.00	1.28	18.48
50.00	306.57	56.01	54	1.30	69.00	2.12	19.25
51.00	307.10	56.22	54	0.57	61.00	1.45	19.84
52.00	306.94	55.83	54	0.42	49.00	1.86	18.20
53.00	307.38	56.03	54	0.48	60.00	1.65	20.37
54.00	308.14	55.59	54	0.88	59.00	1.62	20.31
55.00	307.41	56.43	54	1.11	58.00	1.89	22.35
56.00	308.01	55.64	54	0.99	115.00	1.32	21.10
57.00	308.40	54.07	54	1.62	52.00	1.49	18.49
58.00	308.40	53.34	54	0.73	55.00	1.55	18.28
59.00	308.11	53.63	54	0.41	105.00	1.26	21.46
60.00	307.90	53.97	54	0.40	61.00	1.58	16.45
61.00	307.76	54.24	54	0.30	41.00	1.52	17.72
60.00	295.82	60.44	55	-1.00	45.00	1.54	14.26
61.00	296.30	61.39	55	1.06	71.00	1.43	16.97
62.00	296.61	60.35	55	1.09	91.00	0.90	17.95
63.00	296.78	60.76	55	0.44	56.00	1.64	15.21
58.00	252.92	143.82	56	-1.00	33.00	2.61	18.88
59.00	253.58	143.73	56	0.67	32.00	2.92	24.78
60.00	254.52	143.77	56	0.94	56.00	1.76	17.70
61.00	254.54	143.73	56	0.04	44.00	2.55	24.74
62.00	253.42	143.17	56	1.25	61.00	2.14	21.28
63.00	254.07	143.03	56	0.66	111.00	0.48	19.86
64.00	252.32	142.86	56	1.76	31.00	2.70	16.57
0.00	287.58	93.45	57	-1.00	64.00	1.61	22.06
1.00	287.29	93.80	57	0.45	90.00	1.35	19.80
2.00	287.34	93.28	57	0.52	40.00	1.65	18.73
3.00	287.97	93.65	57	0.73	87.00	1.38	19.46
4.00	287.46	93.06	57	0.78	55.00	1.61	19.75
5.00	287.70	93.57	57	0.56	64.00	1.52	19.03
6.00	287.39	93.49	57	0.32	103.00	1.29	20.30
7.00	286.51	94.11	57	1.08	62.00	1.32	18.24
8.00	287.00	93.95	57	0.52	72.00	0.93	18.16
9.00	287.74	93.50	57	0.87	99.00	1.41	24.79
10.00	287.17	93.44	57	0.57	76.00	1.60	23.89
11.00	287.17	92.94	57	0.50	75.00	0.90	20.26
12.00	287.42	93.82	57	0.91	106.00	0.95	19.35
13.00	287.17	92.88	57	0.97	89.00	1.39	18.23
14.00	287.50	92.22	57	0.74	64.00	1.86	22.52
15.00	287.01	92.76	57	0.73	83.00	1.58	23.59
16.00	287.38	92.69	57	0.38	90.00	1.03	17.36
17.00	287.89	93.12	57	0.67	111.00	1.06	19.33
18.00	288.04	93.45	57	0.36	90.00	1.20	17.09
19.00	287.67	93.36	57	0.38	63.00	1.32	21.04
20.00	286.69	91.93	57	1.73	85.00	1.53	24.21
21.00	285.46	90.60	57	1.81	38.00	2.83	19.85
22.00	286.77	92.35	57	2.19	102.00	1.61	20.06
23.00	287.32	91.35	57	1.14	101.00	1.92	25.93
24.00	286.64	91.37	57	0.68	80.00	1.61	21.18
25.00	286.96	90.72	57	0.72	103.00	1.30	26.69
26.00	287.10	91.74	57	1.03	79.00	1.69	23.65
27.00	287.69	92.34	57	0.84	137.00	1.25	26.44
28.00	287.46	92.46	57	0.26	113.00	1.94	23.45
29.00	287.33	92.81	57	0.37	134.00	1.46	21.69
30.00	288.11	92.50	57	0.84	32.00	2.69	29.49
31.00	287.78	92.99	57	0.59	124.00	1.26	21.12
32.00	287.07	92.19	57	1.07	66.00	2.00	21.96
33.00	288.12	92.95	57	1.30	105.00	1.51	23.05
34.00	287.76	93.41	57	0.58	98.00	1.42	22.85
35.00	288.68	92.58	57	1.24	77.00	1.35	20.98
36.00	286.99	93.04	57	1.75	53.00	1.96	21.59
37.00	286.97	92.92	57	0.12	110.00	1.32	22.84
38.00	287.58	93.09	57	0.63	94.00	1.11	20.22
39.00	287.41	93.17	57	0.19	74.00	1.26	17.41
40.00	286.65	93.01	57	0.78	63.00	1.90	21.31
41.00	286.89	93.82	57	0.84	58.00	1.56	15.72
42.00	287.66	93.59	57	0.80	84.00	1.72	19.10
43.00	286.96	93.39	57	0.73	65.00	1.54	20.31
44.00	287.01	93.29	57	0.11	73.00	1.25	15.49
45.00	287.26	92.99	57	0.39	71.00	1.85	21.04
46.00	288.67	92.48	57	1.50	77.00	1.35	16.55
47.00	288.55	92.41	57	0.14	79.00	1.58	19.46
48.00	289.04	92.40	57	0.49	57.00	1.63	17.80
49.00	288.46	93.09	57	0.90	74.00	1.54	18.66
50.00	288.95	92.52	57	0.75	45.00	1.51	15.39
51.00	288.67	92.02	57	0.57	86.00	1.28	18.28
52.00	287.35	92.09	57	1.32	70.00	1.38	16.52
53.00	287.43	93.03	57	0.94	81.00	1.60	18.02
54.00	287.09	93.25	57	0.40	62.00	1.49	17.23
55.00	287.31	93.90	57	0.69	83.00	1.33	13.61
56.00	287.06	93.29	57	0.66	66.00	1.58	14.80
57.00	286.40	93.40	57	0.67	69.00	1.77	18.80
58.00	286.70	93.79	57	0.49	89.00	1.14	20.60
59.00	286.80	93.37	57	0.43	70.00	1.60	16.62
60.00	286.41	93.06	57	0.50	96.00	1.80	17.73
61.00	287.06	92.70	57	0.74	68.00	1.74	20.54
62.00	287.37	93.05	57	0.47	87.00	1.45	19.15
63.00	286.91	92.90	57	0.48	91.00	1.65	18.90
64.00	286.71	92.70	57	0.28	75.00	1.51	18.56
65.00	287.43	93.21	57	0.88	95.00	1.33	18.30
58.00	265.75	88.14	58	-1.00	56.00	1.56	20.64
59.00	264.96	86.90	58	1.47	51.00	1.57	19.36
60.00	262.02	85.27	58	3.36	74.00	1.66	18.31
61.00	264.67	86.61	58	2.97	47.00	1.80	18.39
62.00	265.44	87.52	58	1.19	51.00	1.71	16.36
63.00	266.39	85.92	58	1.86	39.00	1.56	16.56
64.00	265.48	86.68	58	1.19	67.00	1.67	13.73
65.00	264.99	86.46	58	0.54	38.00	1.76	18.18
59.00	273.78	57.35	59	-1.00	47.00	1.87	16.35
60.00	274.40	66.32	59	8.99	58.00	1.50	17.49
61.00	275.37	66.14	59	0.99	50.00	1.92	16.84
62.00	274.99	66.51	59	0.53	56.00	1.50	16.46
63.00	275.59	67.15	59	0.88	56.00	1.30	17.11
64.00	273.42	58.63	59	8.79	39.00	1.95	21.65
65.00	274.58	58.21	59	1.23	35.00	2.78	20.81
66.00	275.39	57.31	59	1.21	54.00	1.65	19.62
62.00	250.28	113.32	60	-1.00	85.00	0.63	17.01
63.00	249.30	113.59	60	1.02	41.00	1.71	17.26
64.00	244.59	112.33	60	4.88	63.00	1.79	19.29
65.00	250.01	114.04	60	5.68	49.00	1.72	21.11
66.00	249.98	113.89	60	0.15	57.00	1.08	19.07
67.00	250.31	113.55	60	0.47	44.00	1.46	20.47
66.00	264.10	110.52	61	-1.00	43.00	1.41	17.60
67.00	260.70	109.53	61	3.54	47.00	1.59	20.52
68.00	263.71	112.70	61	4.37	39.00	2.33	18.05
69.00	265.07	109.49	61	3.49	37.00	1.83	19.85
70.00	264.82	110.09	61	0.65	41.00	1.49	19.65
71.00	265.65	110.02	61	0.83	44.00	2.19	23.55
67.00	297.17	60.76	62	-1.00	61.00	1.06	15.98
68.00	297.00	61.01	62	0.30	85.00	1.47	20.52
69.00	297.90	61.38	62	0.97	46.00	2.54	17.55
70.00	296.36	61.39	62	1.54	50.00	2.26	21.92
71.00	297.16	62.20	62	1.14	49.00	1.39	13.85
0.00	222.15	119.02	63	-1.00	37.00	1.67	16.57
1.00	221.06	118.97	63	1.09	56.00	1.50	17.50
2.00	220.97	118.76	63	0.23	77.00	1.39	21.22
3.00	220.79	118.76	63	0.18	80.00	1.52	23.01
4.00	221.06	119.26	63	0.57	110.00	0.95	18.21
5.00	220.50	119.36	63	0.57	99.00	1.66	20.56
6.00	220.82	119.18	63	0.37	97.00	1.20	18.33
7.00	221.22	119.14	63	0.40	71.00	1.33	16.47
8.00	222.37	119.58	63	1.23	60.00	2.00	25.98
9.00	220.98	118.49	63	1.77	94.00	1.91	26.59
10.00	221.31	120.15	63	1.69	59.00	2.16	21.66
11.00	223.52	118.64	63	2.68	52.00	2.95	25.43
12.00	221.49	119.44	63	2.18	91.00	1.29	20.16
13.00	221.69	118.94	63	0.54	96.00	1.03	17.04
14.00	221.51	118.74	63	0.27	64.00	1.40	21.25
15.00	221.21	118.64	63	0.32	81.00	1.16	21.57
16.00	220.96	118.19	63	0.51	47.00	1.81	20.84
17.00	220.95	118.19	63	0.01	81.00	1.52	17.48
18.00	221.21	118.95	63	0.80	70.00	1.05	13.76
19.00	221.19	118.12	63	0.83	40.00	2.17	18.58
20.00	227.75	121.91	63	7.58	95.00	1.62	20.30
21.00	226.91	121.79	63	0.85	101.00	1.33	21.39
22.00	227.72	122.38	63	1.00	72.00	2.04	20.71
23.00	227.94	121.95	63	0.48	112.00	1.44	23.92
24.00	228.48	121.94	63	0.54	101.00	1.55	23.95
25.00	227.80	122.42	63	0.83	99.00	1.72	19.42
26.00	226.90	123.29	63	1.25	47.00	2.01	18.79
27.00	226.54	123.35	63	0.36	47.00	1.65	22.98
28.00	227.04	122.63	63	0.88	67.00	1.74	19.41
29.00	226.54	122.63	63	0.50	78.00	1.49	22.64
30.00	226.09	122.19	63	0.63	76.00	1.58	20.20
31.00	227.15	122.27	63	1.06	52.00	1.23	19.30
32.00	225.91	121.88	63	1.30	57.00	1.68	19.40
33.00	226.71	122.43	63	0.97	49.00	1.95	17.95
34.00	227.34	122.73	63	0.70	77.00	1.23	20.44
35.00	227.77	122.41	63	0.54	52.00	1.76	20.04
36.00	228.07	121.78	63	0.70	62.00	1.58	19.50
37.00	227.88	122.49	63	0.73	74.00	1.46	19.25
38.00	227.79	122.22	63	0.28	66.00	1.74	18.08
39.00	227.48	121.26	63	1.01	69.00	1.99	23.30
40.00	227.07	122.55	63	1.35	56.00	1.29	14.41
41.00	227.47	122.57	63	0.40	76.00	1.72	17.13
42.00	226.30	121.61	63	1.51	87.00	1.26	19.96
43.00	227.09	121.72	63	0.80	72.00	1.62	18.00
44.00	227.63	122.39	63	0.86	98.00	1.30	15.66
45.00	227.22	122.64	63	0.48	64.00	1.50	20.09
46.00	227.22	122.82	63	0.18	80.00	1.45	21.65
47.00	227.09	122.63	63	0.23	64.00	1.74	19.98
48.00	226.79	122.43	63	0.36	103.00	1.67	19.25
49.00	226.90	122.68	63	0.27	72.00	1.70	18.90
50.00	225.80	121.81	63	1.40	68.00	1.91	21.95
51.00	226.10	122.49	63	0.74	68.00	1.81	19.20
52.00	225.10	122.12	63	1.07	47.00	1.71	18.01
53.00	224.91	122.94	63	0.84	102.00	1.20	22.81
54.00	224.79	122.23	63	0.72	93.00	2.05	28.03
55.00	225.25	123.09	63	0.98	80.00	1.60	18.10
56.00	225.68	122.61	63	0.64	92.00	1.21	20.12
57.00	225.64	122.93	63	0.32	112.00	1.28	18.80
58.00	225.15	122.26	63	0.83	98.00	1.48	20.74
59.00	225.34	122.37	63	0.22	105.00	1.36	22.08
60.00	225.38	122.07	63	0.30	77.00	1.30	18.33
61.00	225.25	122.27	63	0.24	65.00	1.68	22.90
62.00	225.47	122.23	63	0.22	107.00	1.43	19.72
63.00	225.53	121.90	63	0.34	84.00	1.99	20.14
64.00	226.70	122.00	63	1.17	74.00	1.88	21.73
65.00	225.74	121.82	63	0.98	51.00	1.46	19.32
66.00	226.45	121.89	63	0.71	87.00	1.43	21.29
67.00	226.53	122.46	63	0.58	103.00	1.36	21.09
68.00	225.87	121.68	63	1.02	64.00	1.56	16.88
69.00	226.14	122.13	63	0.52	62.00	1.65	15.29
70.00	226.46	122.34	63	0.38	52.00	1.90	17.64
71.00	225.80	122.03	63	0.73	42.00	1.48	16.74
72.00	226.06	121.59	63	0.51	58.00	1.54	18.39
74.00	226.00	122.57	63	-1.00	52.00	2.19	18.54
75.00	225.03	123.07	63	1.09	57.00	1.52	16.30
76.00	226.06	123.12	63	1.03	84.00	1.37	23.43
77.00	225.42	122.26	63	1.07	64.00	1.68	15.79
78.00	225.45	122.17	63	0.09	50.00	2.49	18.44
79.00	226.42	122.46	63	1.01	50.00	1.71	15.55
80.00	227.13	123.22	63	1.04	62.00	1.62	15.62
82.00	226.68	122.18	63	-1.00	46.00	1.88	18.39
83.00	226.91	123.18	63	1.03	69.00	1.61	16.30
84.00	226.46	123.49	63	0.55	87.00	1.74	19.89
85.00	226.69	122.72	63	0.80	84.00	1.91	18.85
86.00	225.83	123.05	63	0.92	103.00	1.35	17.14
87.00	226.80	123.60	63	1.12	102.00	1.12	16.43
88.00	226.79	123.56	63	0.04	101.00	1.61	15.67
89.00	225.70	123.34	63	1.11	137.00	1.38	20.14
90.00	226.24	123.77	63	0.69	125.00	1.23	16.57
91.00	226.07	123.35	63	0.45	105.00	1.31	21.41
92.00	226.19	123.74	63	0.41	130.00	1.45	19.30
93.00	227.11	124.22	63	1.04	100.00	1.33	18.62
94.00	226.59	124.11	63	0.53	96.00	1.50	18.40
95.00	226.53	123.51	63	0.60	128.00	1.38	22.34
96.00	226.02	122.98	63	0.74	65.00	2.05	18.40
97.00	226.13	123.39	63	0.42	95.00	1.46	19.70
98.00	226.20	123.26	63	0.15	121.00	1.41	19.18
99.00	226.95	123.37	63	0.76	140.00	1.51	24.01
100.00	226.72	122.91	63	0.51	127.00	1.54	19.47
101.00	226.35	122.95	63	0.37	113.00	1.54	24.44
102.00	226.69	123.65	63	0.78	138.00	1.51	23.19
103.00	226.70	122.68	63	0.97	52.00	2.22	18.69
104.00	226.16	122.68	63	0.54	89.00	1.93	21.74
105.00	225.79	123.78	63	1.16	44.00	2.05	20.49
106.00	226.22	123.56	63	0.48	141.00	1.40	20.73
107.00	225.58	123.28	63	0.70	107.00	1.47	18.67
108.00	225.37	121.89	63	1.41	87.00	1.56	19.62
109.00	225.36	122.66	63	0.77	150.00	1.54	22.80
110.00	226.48	122.72	63	1.12	92.00	1.39	19.10
111.00	225.13	123.38	63	1.50	96.00	1.55	18.81
112.00	224.67	122.78	63	0.76	92.00	1.78	19.78
113.00	225.58	123.66	63	1.27	100.00	1.50	16.86
114.00	225.55	123.56	63	0.10	101.00	1.61	26.15
115.00	226.30	123.32	63	0.79	94.00	1.63	13.86
116.00	226.62	123.05	63	0.42	99.00	1.66	17.16
117.00	226.54	122.90	63	0.17	150.00	1.34	15.79
118.00	226.32	123.16	63	0.34	120.00	1.58	15.28
119.00	226.25	122.99	63	0.18	87.00	1.77	19.10
120.00	226.06	122.98	63	0.19	100.00	1.70	18.02
121.00	226.43	123.38	63	0.54	155.00	1.07	19.99
122.00	226.51	123.56	63	0.20	118.00	1.62	20.38
123.00	226.16	123.37	63	0.40	43.00	1.94	18.09
124.00	226.32	123.16	63	0.26	93.00	1.32	22.57
125.00	226.31	123.26	63	0.10	111.00	1.49	22.42
126.00	226.83	122.90	63	0.63	159.00	1.32	20.16
127.00	226.41	123.23	63	0.53	114.00	1.44	16.36
128.00	226.30	123.31	63	0.14	102.00	1.35	19.46
129.00	226.03	123.20	63	0.29	120.00	1.44	20.28
130.00	225.59	122.21	63	1.08	86.00	1.61	21.00
131.00	226.02	121.77	63	0.62	84.00	1.55	23.16
132.00	225.68	122.35	63	0.67	116.00	1.58	17.17
133.00	225.83	122.13	63	0.27	65.00	1.73	22.96
134.00	225.81	122.26	63	0.13	111.00	1.35	18.07
135.00	226.40	123.33	63	1.22	84.00	1.74	17.78
136.00	226.14	123.06	63	0.37	94.00	1.80	22.01
137.00	225.80	122.48	63	0.67	69.00	1.94	21.79
138.00	224.99	122.66	63	0.83	62.00	1.78	20.99
139.00	225.50	122.27	63	0.64	83.00	1.71	19.38
140.00	225.79	121.42	63	0.90	56.00	1.30	17.17
141.00	226.16	121.67	63	0.45	79.00	1.49	22.69
142.00	225.72	122.01	63	0.56	76.00	1.52	21.85
143.00	225.43	121.68	63	0.44	70.00	1.74	19.14
144.00	225.98	121.81	63	0.57	69.00	1.46	18.10
145.00	225.29	122.83	63	1.23	87.00	1.66	17.08
146.00	225.06	121.62	63	1.23	97.00	1.24	14.94
147.00	225.02	123.49	63	1.87	47.00	1.19	16.24
148.00	225.32	122.23	63	1.30	108.00	1.34	21.14
149.00	224.93	121.89	63	0.52	85.00	1.37	21.50
150.00	225.24	122.51	63	0.69	51.00	1.95	21.17
151.00	225.66	122.16	63	0.55	81.00	1.71	16.46
152.00	225.70	122.10	63	0.07	70.00	1.62	14.37
153.00	225.85	121.76	63	0.37	86.00	1.30	13.13
154.00	225.87	122.18	63	0.42	109.00	1.37	14.13
156.00	225.56	121.62	63	-1.00	77.00	1.38	17.82
157.00	226.66	122.23	63	1.26	65.00	1.34	17.06
158.00	225.62	121.80	63	1.13	80.00	1.11	19.42
159.00	226.00	122.66	63	0.94	60.00	1.62	19.53
160.00	225.93	121.86	63	0.80	56.00	1.14	15.24
161.00	226.06	122.11	63	0.28	63.00	1.51	16.24
162.00	226.25	121.77	63	0.39	45.00	1.48	15.30
163.00	225.09	121.73	63	1.16	42.00	1.46	18.69
164.00	224.57	121.17	63	0.76	39.00	1.90	18.60
165.00	224.98	121.92	63	0.85	46.00	1.93	20.16
166.00	225.05	123.91	63	1.99	41.00	2.37	18.45
167.00	224.07	122.39	63	1.81	44.00	1.30	17.03
61.00	289.11	32.54	64	-1.00	34.00	2.87	21.58
62.00	292.13	39.09	64	7.21	56.00	1.33	19.31
63.00	285.38	43.27	64	7.94	63.00	2.04	23.91
64.00	284.64	42.66	64	0.96	78.00	1.63	20.25
65.00	285.17	42.36	64	0.61	90.00	1.79	19.28
66.00	286.13	42.60	64	0.99	116.00	1.63	16.61
67.00	285.77	42.51	64	0.37	136.00	1.15	24.55
68.00	286.31	42.60	64	0.55	94.00	1.73	21.54
69.00	286.24	43.13	64	0.53	73.00	1.74	19.25
70.00	286.20	42.79	64	0.34	42.00	1.80	16.86
71.00	286.46	44.01	64	1.25	61.00	1.51	17.87
72.00	286.48	43.98	64	0.04	94.00	1.35	20.79
73.00	286.40	43.13	64	0.85	99.00	1.48	24.75
74.00	286.12	43.38	64	0.38	85.00	1.46	19.61
75.00	285.81	42.88	64	0.59	73.00	1.40	23.12
77.00	286.12	43.76	64	-1.00	55.00	1.95	15.69
78.00	285.64	43.83	64	0.49	85.00	1.31	15.95
79.00	284.83	42.43	64	1.62	63.00	1.76	23.04
80.00	285.58	42.66	64	0.78	78.00	1.37	20.04
81.00	285.01	42.56	64	0.58	59.00	1.36	18.28
82.00	286.10	43.18	64	1.25	99.00	1.27	19.99
83.00	286.21	42.86	64	0.34	120.00	1.92	27.59
84.00	286.02	42.41	64	0.49	165.00	1.56	26.32
85.00	285.41	42.54	64	0.62	106.00	1.53	20.61
86.00	285.60	42.51	64	0.19	137.00	1.54	21.56
87.00	285.54	42.43	64	0.10	149.00	1.66	26.96
88.00	286.10	41.74	64	0.89	118.00	1.90	30.93
89.00	285.84	42.06	64	0.41	158.00	1.47	26.46
90.00	286.06	42.91	64	0.88	105.00	1.44	19.38
73.00	277.01	37.44	65	-1.00	41.00	1.65	20.68
74.00	276.48	37.19	65	0.59	50.00	1.65	16.89
75.00	275.51	36.94	65	1.00	43.00	1.36	16.57
76.00	275.14	37.42	65	0.61	43.00	1.48	17.05
69.00	247.87	138.70	66	-1.00	47.00	1.95	18.28
70.00	247.91	139.12	66	0.42	87.00	1.47	18.40
71.00	248.18	138.88	66	0.36	63.00	1.55	20.81
72.00	248.14	138.88	66	0.04	69.00	1.62	19.29
73.00	248.09	138.91	66	0.06	111.00	0.49	20.86
74.00	250.69	139.65	66	2.70	54.00	2.57	22.48
75.00	252.29	140.11	66	1.66	55.00	1.59	13.98
76.00	252.76	139.91	66	0.51	56.00	1.65	20.43
77.00	252.07	141.38	66	1.62	54.00	1.87	19.82
78.00	252.54	140.10	66	1.36	65.00	1.71	19.39
79.00	252.36	141.01	66	0.93	60.00	1.41	17.91
80.00	313.19	50.85	67	-1.00	64.00	1.68	21.53
81.00	312.50	50.00	67	1.09	75.00	1.20	18.47
82.00	314.14	52.53	67	3.02	43.00	2.13	24.32
83.00	310.19	56.48	67	5.59	85.00	1.28	22.89
81.00	261.75	69.48	68	-1.00	81.00	1.54	19.50
82.00	261.49	68.89	68	0.64	44.00	1.61	17.79
83.00	263.59	68.69	68	2.11	42.00	2.47	17.85
84.00	262.69	70.13	68	1.70	38.00	1.74	17.09
83.00	252.53	138.73	69	-1.00	91.00	1.53	23.07
84.00	252.39	138.70	69	0.14	61.00	1.73	16.78
85.00	252.27	138.57	69	0.18	55.00	1.81	17.49
86.00	252.34	138.30	69	0.28	83.00	1.74	25.07
87.00	250.97	139.11	69	1.59	49.00	2.35	20.47
88.00	250.53	142.58	69	3.50	35.00	2.08	21.38
82.00	245.27	64.72	70	-1.00	34.00	2.13	19.54
83.00	245.91	63.66	70	1.24	40.00	1.57	17.63
84.00	245.77	65.13	70	1.48	50.00	1.72	19.09
85.00	247.22	67.50	70	2.78	57.00	1.46	14.18
86.00	248.15	66.78	70	1.18	73.00	1.64	18.33
87.00	247.75	70.77	70	4.01	49.00	2.08	16.52
88.00	248.55	70.74	70	0.80	48.00	1.57	14.11
89.00	248.53	71.60	70	0.86	54.00	1.35	13.98
70.00	274.71	115.34	71	-1.00	56.00	1.64	19.20
71.00	274.57	115.09	71	0.29	32.00	2.32	23.95
72.00	274.30	115.67	71	0.64	35.00	4.00	23.35
73.00	275.37	116.51	71	1.36	37.00	2.30	18.92
74.00	275.46	116.79	71	0.29	92.00	1.28	26.96
75.00	274.79	115.62	71	1.35	37.00	2.01	27.64
76.00	274.81	115.46	71	0.16	102.00	2.16	19.20
77.00	275.08	115.62	71	0.31	74.00	1.87	20.37
78.00	275.25	115.33	71	0.34	63.00	1.75	28.11
79.00	275.07	115.31	71	0.18	32.00	4.00	30.33
80.00	275.21	115.66	71	0.38	99.00	1.54	21.35
81.00	274.47	115.50	71	0.76	41.00	2.74	20.35
82.00	275.41	115.81	71	0.99	93.00	2.03	24.68
83.00	276.20	115.43	71	0.88	43.00	2.59	17.77
84.00	275.16	115.73	71	1.08	66.00	1.94	21.55
85.00	275.71	115.56	71	0.58	46.00	1.71	18.16
86.00	274.90	115.20	71	0.89	68.00	1.59	20.93
87.00	275.51	115.83	71	0.88	68.00	1.63	20.93
88.00	275.35	116.22	71	0.42	67.00	1.71	23.52
89.00	276.50	115.45	71	1.38	78.00	1.55	16.63
90.00	275.78	115.89	71	0.84	74.00	1.54	16.90
91.00	276.38	115.91	71	0.60	65.00	1.96	18.52
88.00	311.01	55.65	72	-1.00	49.00	1.91	19.01
89.00	311.22	56.43	72	0.81	53.00	2.12	20.76
90.00	311.89	56.03	72	0.78	53.00	1.30	19.20
91.00	312.75	56.37	72	0.92	43.00	2.04	13.64
89.00	301.19	38.49	73	-1.00	67.00	1.08	19.29
90.00	302.72	39.56	73	1.87	35.00	2.32	21.11
91.00	300.00	42.93	73	4.33	58.00	1.20	20.51
92.00	296.70	43.54	73	3.36	38.00	1.82	18.33
91.00	248.69	93.50	74	-1.00	40.00	1.55	19.41
92.00	247.68	85.31	74	8.25	57.00	1.95	18.89
93.00	248.36	85.79	74	0.83	73.00	1.37	17.71
94.00	247.57	85.90	74	0.80	67.00	1.38	18.06
95.00	250.12	81.75	74	4.87	65.00	1.56	20.29
96.00	248.11	86.24	74	4.92	51.00	1.49	18.14
97.00	247.78	85.95	74	0.44	40.00	1.72	17.12
98.00	247.76	86.43	74	0.48	34.00	2.49	17.90
99.00	254.55	90.81	74	8.08	51.00	1.94	21.17
97.00	276.11	115.53	75	-1.00	46.00	2.28	20.75
98.00	276.67	115.62	75	0.57	54.00	1.84	21.33
99.00	275.63	115.99	75	1.10	51.00	1.80	21.40
100.00	276.55	115.90	75	0.92	51.00	1.74	17.70
94.00	288.38	93.71	76	-1.00	49.00	1.71	18.62
95.00	288.47	93.19	76	0.53	41.00	1.49	17.65
96.00	288.64	94.92	76	1.74	50.00	1.69	15.94
97.00	287.92	93.38	76	1.70	47.00	1.47	15.79
98.00	288.01	93.89	76	0.52	75.00	1.20	23.29
99.00	287.46	94.33	76	0.70	43.00	1.36	18.51
100.00	288.97	93.41	76	1.77	50.00	1.47	19.27
99.00	262.27	69.82	77	-1.00	51.00	1.23	15.61
100.00	263.03	70.15	77	0.83	42.00	1.83	18.59
101.00	269.96	71.17	77	7.00	54.00	1.44	15.92
102.00	272.11	71.64	77	2.20	62.00	1.51	19.80
96.00	277.26	35.50	78	-1.00	34.00	2.07	14.19
97.00	277.26	34.45	78	1.05	33.00	2.19	16.55
98.00	277.12	35.53	78	1.09	47.00	1.59	15.51
99.00	277.75	35.65	78	0.64	68.00	2.17	22.36
100.00	278.15	35.69	78	0.40	38.00	2.11	19.72
101.00	277.39	34.86	78	1.13	63.00	1.69	18.29
102.00	277.35	36.37	78	1.51	65.00	1.05	20.86
100.00	277.39	58.78	79	-1.00	54.00	1.81	18.34
101.00	276.09	58.69	79	1.30	42.00	1.90	18.13
102.00	276.95	59.00	79	0.91	44.00	1.94	13.98
103.00	279.69	58.80	79	2.75	32.00	3.94	24.54
105.00	277.10	59.35	79	-1.00	47.00	1.59	19.08
106.00	275.73	59.37	79	1.37	48.00	1.96	24.04
107.00	278.25	59.64	79	2.53	58.00	1.26	17.15
108.00	277.46	59.54	79	0.80	75.00	1.47	21.05
109.00	278.78	59.43	79	1.32	37.00	2.69	21.52
110.00	278.84	59.38	79	0.08	33.00	3.94	20.07
111.00	277.37	59.55	79	1.48	76.00	1.48	18.48
112.00	277.94	60.89	79	1.46	102.00	0.62	23.90
101.00	246.49	108.64	80	-1.00	43.00	1.64	16.71
102.00	247.20	111.74	80	3.18	35.00	2.05	20.29
103.00	246.96	109.80	80	1.95	52.00	1.81	17.02
104.00	246.97	110.75	80	0.95	47.00	1.63	15.74
106.00	246.18	108.52	80	-1.00	45.00	1.65	19.21
107.00	246.82	108.52	80	0.64	64.00	1.61	23.80
108.00	247.10	108.54	80	0.28	39.00	2.88	18.75
109.00	246.36	109.48	80	1.20	60.00	2.19	21.82
110.00	246.19	109.14	80	0.38	41.00	2.35	19.72
111.00	243.35	108.52	80	2.91	41.00	1.73	18.26
112.00	245.88	108.40	80	2.53	67.00	1.81	18.55
114.00	247.64	109.10	80	-1.00	67.00	1.21	20.31
115.00	247.59	110.06	80	0.96	43.00	2.72	20.93
116.00	249.80	111.46	80	2.62	47.00	1.56	17.39
117.00	248.01	109.49	80	2.66	38.00	2.61	20.57
103.00	275.43	115.69	81	-1.00	38.00	3.02	17.20
104.00	276.59	116.68	81	1.53	32.00	3.11	19.83
105.00	274.97	115.99	81	1.76	50.00	1.87	23.22
106.00	276.00	115.92	81	1.03	60.00	1.41	21.48
107.00	275.62	115.58	81	0.51	42.00	1.93	22.54
108.00	275.18	116.54	81	1.06	35.00	3.57	20.02
109.00	274.72	116.13	81	0.62	38.00	2.41	23.17
102.00	226.31	136.17	82	-1.00	31.00	3.16	19.44
103.00	229.45	139.04	82	4.25	57.00	1.70	15.12
104.00	232.40	138.71	82	2.97	62.00	2.03	18.93
105.00	232.54	136.95	82	1.77	58.00	1.95	19.10
106.00	233.04	137.61	82	0.83	69.00	1.20	14.49
107.00	234.42	137.55	82	1.38	52.00	1.82	15.85
108.00	235.50	138.63	82	1.53	70.00	1.76	18.92
109.00	233.66	140.21	82	2.43	50.00	1.75	16.24
110.00	231.38	141.98	82	2.89	112.00	0.44	17.96
108.00	254.22	141.04	83	-1.00	45.00	2.30	18.59
109.00	254.40	139.12	83	1.93	42.00	2.75	22.24
110.00	255.48	139.50	83	1.14	35.00	2.44	19.14
111.00	255.08	141.05	83	1.60	43.00	2.94	24.06
112.00	254.02	140.81	83	1.09	32.00	2.86	22.34
113.00	253.84	141.04	83	0.29	54.00	1.77	19.83
114.00	254.20	141.11	83	0.37	60.00	1.75	19.38
115.00	253.62	142.56	83	1.56	42.00	1.86	18.68
112.00	257.18	48.93	84	-1.00	54.00	1.79	21.03
113.00	256.65	49.47	84	0.76	40.00	1.65	16.98
114.00	256.97	49.21	84	0.41	65.00	1.69	18.12
115.00	257.34	49.85	84	0.74	61.00	1.34	18.78
114.00	267.58	56.94	85	-1.00	51.00	1.38	21.39
115.00	271.59	51.65	85	6.64	63.00	0.91	16.85
116.00	267.28	55.48	85	5.77	42.00	2.55	18.16
117.00	270.40	55.04	85	3.15	53.00	1.55	17.55
119.00	268.48	56.15	85	-1.00	41.00	1.66	17.52
120.00	268.32	55.79	85	0.39	61.00	1.52	20.36
121.00	275.42	55.72	85	7.10	40.00	1.83	21.67
122.00	273.91	53.19	85	2.95	43.00	2.09	21.23
114.00	278.65	34.86	86	-1.00	54.00	1.26	17.21
115.00	276.78	35.46	86	1.96	63.00	1.63	14.10
116.00	277.67	34.91	86	1.05	41.00	1.55	17.50
117.00	276.32	36.60	86	2.16	45.00	1.32	15.95
118.00	277.85	36.76	86	1.54	46.00	1.89	20.03
115.00	282.45	57.65	87	-1.00	37.00	1.73	20.32
116.00	282.34	58.48	87	0.84	47.00	1.78	16.63
117.00	280.96	51.06	87	7.55	76.00	1.43	16.99
118.00	281.11	52.11	87	1.06	53.00	1.56	21.18
119.00	284.46	51.49	87	3.41	51.00	1.17	24.79
120.00	288.01	50.02	87	3.84	70.00	0.95	17.67
114.00	287.61	93.77	88	-1.00	60.00	2.04	19.68
115.00	287.21	94.09	88	0.51	52.00	2.39	18.70
116.00	287.48	94.52	88	0.51	61.00	1.68	16.98
117.00	285.19	93.45	88	2.53	57.00	2.45	24.09
118.00	285.29	93.44	88	0.10	41.00	1.95	21.26
119.00	284.67	93.24	88	0.65	37.00	2.01	16.78
120.00	286.16	93.30	88	1.49	65.00	1.56	20.07
121.00	286.75	93.87	88	0.82	45.00	1.27	15.29
122.00	285.68	93.18	88	1.27	67.00	1.29	15.05
121.00	307.32	49.11	89	-1.00	42.00	1.73	17.82
122.00	306.30	48.29	89	1.31	36.00	2.47	18.61
123.00	301.31	52.11	89	6.28	54.00	1.62	18.58
124.00	299.82	47.71	89	4.65	49.00	1.18	18.21
113.00	229.06	140.73	90	-1.00	35.00	1.88	17.32
114.00	229.68	142.46	90	1.84	79.00	1.50	14.85
115.00	230.28	142.21	90	0.65	50.00	1.71	18.09
116.00	229.51	142.07	90	0.78	81.00	1.39	18.21
117.00	230.61	140.38	90	2.02	65.00	1.75	16.06
118.00	231.32	140.91	90	0.89	67.00	1.21	20.17
119.00	231.77	141.10	90	0.49	75.00	1.58	17.91
120.00	231.34	142.39	90	1.36	56.00	1.41	14.11
121.00	231.70	141.15	90	1.29	60.00	1.97	19.69
122.00	230.83	141.38	90	0.90	99.00	1.33	16.77
123.00	233.25	141.57	90	2.43	41.00	1.92	17.71
124.00	236.39	143.86	90	3.89	75.00	1.79	15.61
125.00	243.25	148.35	90	8.20	44.00	1.30	16.47
126.00	243.61	150.83	90	2.51	58.00	1.59	12.76
124.00	292.33	62.04	91	-1.00	33.00	2.39	16.81
125.00	293.54	61.00	91	1.60	75.00	1.51	24.03
126.00	291.65	68.11	91	7.36	73.00	1.33	18.50
127.00	290.90	62.76	91	5.40	44.00	2.19	19.55
99.00	264.50	93.35	92	-1.00	51.00	1.43	16.13
100.00	265.44	93.63	92	0.98	56.00	2.05	18.17
101.00	264.17	92.99	92	1.42	51.00	1.95	30.14
102.00	264.24	92.68	92	0.32	70.00	1.52	17.20
103.00	263.70	93.48	92	0.97	86.00	0.93	21.21
104.00	264.03	92.69	92	0.86	88.00	1.72	20.73
105.00	262.41	91.77	92	1.86	93.00	1.17	19.28
106.00	262.23	93.10	92	1.34	71.00	1.40	17.65
107.00	261.78	92.76	92	0.56	81.00	1.40	21.60
108.00	261.64	92.16	92	0.62	65.00	1.55	17.27
109.00	262.68	92.90	92	1.28	62.00	1.98	20.81
110.00	262.89	92.95	92	0.22	80.00	1.62	19.10
111.00	263.47	93.35	92	0.70	52.00	1.42	21.90
112.00	263.54	93.48	92	0.15	64.00	1.56	13.45
113.00	262.66	93.94	92	0.99	57.00	1.61	18.35
114.00	262.29	94.16	92	0.43	54.00	1.51	13.63
115.00	262.23	92.59	92	1.57	62.00	1.47	18.58
116.00	260.69	92.14	92	1.60	56.00	1.75	16.86
117.00	261.31	92.60	92	0.77	65.00	1.79	19.12
118.00	262.27	92.34	92	0.99	85.00	1.58	17.60
119.00	261.29	93.01	92	1.19	61.00	1.88	17.82
120.00	262.50	92.41	92	1.35	64.00	1.42	16.79
121.00	264.09	92.40	92	1.59	107.00	1.30	16.87
122.00	263.81	92.59	92	0.34	54.00	1.56	19.76
123.00	263.85	91.67	92	0.92	48.00	1.88	15.38
124.00	263.58	92.26	92	0.65	90.00	0.92	17.94
125.00	263.82	92.56	92	0.38	50.00	2.09	17.54
126.00	263.41	92.64	92	0.42	98.00	1.55	18.20
127.00	263.48	92.62	92	0.07	46.00	1.48	17.25
128.00	264.17	92.79	92	0.71	53.00	1.84	18.55
130.00	263.44	91.75	92	-1.00	56.00	1.65	22.56
131.00	262.24	92.30	92	1.32	55.00	1.59	17.01
132.00	263.44	91.84	92	1.29	33.00	3.65	18.89
133.00	261.06	91.64	92	2.39	54.00	2.07	22.61
134.00	262.34	91.74	92	1.28	32.00	3.17	21.71
123.00	246.54	108.79	93	-1.00	45.00	1.93	18.30
124.00	246.05	107.80	93	1.10	49.00	1.54	16.79
125.00	245.13	107.78	93	0.92	80.00	1.49	24.91
126.00	245.16	107.50	93	0.28	49.00	1.85	20.20
127.00	244.55	108.44	93	1.12	50.00	2.22	19.26
128.00	245.75	107.11	93	1.79	86.00	1.72	16.04
129.00	246.10	107.22	93	0.37	72.00	1.45	19.04
130.00	246.82	107.47	93	0.76	64.00	1.88	14.55
131.00	246.28	107.25	93	0.58	34.00	2.15	14.21
72.00	312.83	54.62	94	-1.00	45.00	2.23	22.22
73.00	312.06	56.69	94	2.21	50.00	1.54	17.84
74.00	310.83	57.19	94	1.33	67.00	1.25	18.30
75.00	310.81	57.14	94	0.05	63.00	2.15	20.27
76.00	311.22	56.74	94	0.57	64.00	1.89	22.76
77.00	311.19	56.18	94	0.56	65.00	1.61	18.28
78.00	310.99	55.86	94	0.38	95.00	1.44	14.21
79.00	311.05	56.84	94	0.98	42.00	1.42	20.02
80.00	311.23	57.09	94	0.31	95.00	0.84	14.44
81.00	315.81	64.57	94	8.77	40.00	2.68	19.04
82.00	316.28	64.30	94	0.54	47.00	1.71	21.37
83.00	316.71	64.24	94	0.43	53.00	1.59	20.80
84.00	316.12	67.18	94	3.00	51.00	1.91	20.95
85.00	316.40	64.55	94	2.64	47.00	2.21	22.64
86.00	316.17	64.05	94	0.55	86.00	1.75	23.44
87.00	316.19	64.59	94	0.54	76.00	1.44	16.69
88.00	315.85	64.62	94	0.34	38.00	2.38	18.84
89.00	315.40	65.93	94	1.39	57.00	1.68	16.32
90.00	316.16	64.48	94	1.64	49.00	1.93	19.08
91.00	315.86	65.31	94	0.88	53.00	2.22	16.50
92.00	315.97	65.02	94	0.31	72.00	1.70	18.79
93.00	315.91	64.31	94	0.71	78.00	1.44	21.15
94.00	316.55	64.31	94	0.64	78.00	1.20	21.14
95.00	316.48	64.90	94	0.59	71.00	2.20	20.40
96.00	316.60	65.13	94	0.26	49.00	1.68	22.53
97.00	315.92	65.99	94	1.10	91.00	1.42	16.94
98.00	316.05	65.78	94	0.25	73.00	2.03	20.23
99.00	316.03	65.15	94	0.63	74.00	1.41	17.74
100.00	316.06	65.33	94	0.18	88.00	1.44	23.39
101.00	315.06	64.90	94	1.09	53.00	1.46	15.83
102.00	316.46	65.58	94	1.56	44.00	2.58	19.75
103.00	317.18	65.55	94	0.72	50.00	1.77	21.61
104.00	317.28	64.99	94	0.57	67.00	1.62	16.54
105.00	317.09	65.23	94	0.31	46.00	1.51	26.07
106.00	316.21	65.75	94	1.02	66.00	1.24	22.02
107.00	315.41	65.27	94	0.93	50.00	1.71	20.41
108.00	316.63	66.75	94	1.92	101.00	1.15	24.75
109.00	316.19	66.15	94	0.74	55.00	2.11	22.09
110.00	316.29	65.08	94	1.07	59.00	2.22	20.95
111.00	315.85	64.83	94	0.51	71.00	1.58	20.94
112.00	316.53	65.20	94	0.77	72.00	1.82	22.95
113.00	316.20	65.66	94	0.57	45.00	1.55	18.25
114.00	317.41	64.95	94	1.40	49.00	1.91	20.12
115.00	316.04	66.10	94	1.79	57.00	2.01	15.39
116.00	316.41	66.05	94	0.37	50.00	2.31	19.46
117.00	316.25	66.54	94	0.52	54.00	1.78	16.44
118.00	316.22	66.10	94	0.44	73.00	1.97	20.16
119.00	316.38	65.89	94	0.26	72.00	1.84	21.84
120.00	316.56	66.22	94	0.38	66.00	1.96	20.96
121.00	315.98	65.74	94	0.75	78.00	1.64	21.05
122.00	315.38	66.03	94	0.67	35.00	2.13	17.63
123.00	316.38	66.91	94	1.33	91.00	1.80	22.36
124.00	315.84	66.40	94	0.74	98.00	1.53	20.26
125.00	316.30	65.93	94	0.66	109.00	1.35	17.81
126.00	316.76	65.18	94	0.88	59.00	2.42	17.74
127.00	316.21	64.62	94	0.78	36.00	2.07	17.82
128.00	315.40	65.35	94	1.09	73.00	1.97	22.79
129.00	314.76	65.64	94	0.70	63.00	1.97	22.65
130.00	316.61	65.52	94	1.85	58.00	1.05	22.54
131.00	316.25	65.28	94	0.43	67.00	2.18	21.07
132.00	316.54	65.12	94	0.33	39.00	2.44	19.69
134.00	315.83	65.82	94	-1.00	82.00	1.98	21.16
135.00	316.77	66.13	94	0.99	68.00	2.05	19.23
136.00	316.63	65.62	94	0.53	79.00	1.52	17.27
137.00	315.85	66.30	94	1.03	72.00	2.41	26.90
138.00	316.80	65.52	94	1.23	62.00	1.86	21.80
139.00	316.00	66.07	94	0.97	43.00	2.82	19.78
140.00	316.12	65.75	94	0.34	72.00	1.80	20.54
141.00	315.72	65.79	94	0.40	93.00	1.81	19.37
142.00	315.84	66.04	94	0.28	76.00	2.11	22.01
143.00	314.93	65.46	94	1.08	60.00	1.26	13.19
144.00	316.69	65.66	94	1.77	55.00	1.93	22.74
145.00	316.20	64.40	94	1.35	44.00	3.02	23.32
146.00	316.51	64.88	94	0.57	47.00	2.62	19.13
147.00	316.00	66.34	94	1.55	72.00	1.77	21.17
148.00	315.76	67.71	94	1.39	48.00	2.19	21.18
149.00	317.14	65.38	94	2.71	41.00	1.77	17.73
150.00	318.61	63.72	94	2.22	51.00	1.12	22.21
151.00	316.78	65.21	94	2.36	37.00	1.84	18.33
152.00	315.44	65.51	94	1.37	33.00	3.52	22.26
153.00	315.54	65.65	94	0.17	55.00	2.01	18.53
154.00	315.92	66.87	94	1.28	55.00	1.65	20.16
155.00	317.62	66.63	94	1.72	48.00	2.59	20.24
156.00	316.39	66.16	94	1.32	32.00	2.42	21.26
158.00	316.12	65.74	94	-1.00	38.00	2.79	15.76
159.00	317.75	66.06	94	1.66	75.00	0.97	21.61
160.00	317.54	66.77	94	0.74	47.00	2.10	20.16
161.00	316.29	68.99	94	2.55	49.00	1.54	17.12
162.00	316.22	67.64	94	1.35	50.00	1.69	20.28
163.00	316.70	66.03	94	1.68	53.00	1.47	20.84
164.00	317.47	65.89	94	0.78	44.00	1.52	14.93
165.00	315.18	69.69	94	4.44	70.00	1.16	14.25
166.00	316.19	68.74	94	1.39	31.00	2.87	22.37
167.00	315.71	68.32	94	0.64	54.00	2.04	16.96
168.00	316.47	67.38	94	1.21	52.00	2.19	24.40
169.00	318.00	65.88	94	2.14	46.00	2.14	15.93
170.00	318.35	65.81	94	0.36	36.00	2.58	17.91
172.00	318.20	65.87	94	-1.00	37.00	2.50	21.52
173.00	319.10	64.50	94	1.64	49.00	1.40	20.14
174.00	318.27	65.81	94	1.55	65.00	1.37	23.00
175.00	318.29	65.76	94	0.05	49.00	1.68	22.29
176.00	318.12	66.21	94	0.48	66.00	1.40	17.17
177.00	318.14	65.68	94	0.53	50.00	1.74	17.40
178.00	317.75	64.64	94	1.11	55.00	1.65	21.35
179.00	316.97	66.61	94	2.12	44.00	2.02	15.65
180.00	316.02	65.89	94	1.19	35.00	3.07	19.97
181.00	316.15	66.70	94	0.82	47.00	2.17	20.59
182.00	311.96	60.48	94	7.50	47.00	1.41	18.73
183.00	316.17	67.48	94	8.17	57.00	1.73	17.83
184.00	315.61	66.23	94	1.37	49.00	1.49	13.51
185.00	316.63	66.83	94	1.18	45.00	1.53	18.97
131.00	251.81	60.38	95	-1.00	64.00	1.61	17.96
132.00	251.38	59.57	95	0.92	107.00	1.30	19.84
133.00	251.76	60.97	95	1.45	67.00	1.88	18.13
134.00	251.77	60.50	95	0.47	55.00	1.55	16.74
131.00	300.98	39.84	96	-1.00	41.00	1.45	16.91
132.00	301.25	39.19	96	0.70	39.00	1.68	13.57
133.00	301.08	38.87	96	0.36	65.00	2.15	22.42
134.00	298.68	35.15	96	4.43	52.00	2.01	20.68
133.00	276.87	83.20	97	-1.00	53.00	1.24	16.71
134.00	277.88	84.87	97	1.95	36.00	1.75	19.93
135.00	273.62	84.22	97	4.31	46.00	1.95	25.07
136.00	275.07	80.57	97	3.93	55.00	2.47	19.89
134.00	283.62	62.61	98	-1.00	60.00	2.01	22.44
135.00	279.50	63.39	98	4.19	39.00	1.92	18.72
136.00	276.44	59.70	98	4.79	37.00	2.59	17.58
137.00	276.84	57.99	98	1.76	41.00	2.09	17.57
132.00	234.51	141.60	99	-1.00	45.00	1.62	17.01
133.00	234.02	142.39	99	0.93	40.00	2.03	18.46
134.00	233.16	142.49	99	0.87	45.00	1.97	14.04
135.00	233.74	141.84	99	0.87	34.00	2.00	14.10
136.00	234.08	142.40	99	0.66	51.00	1.32	17.90
137.00	234.34	143.00	99	0.65	39.00	2.41	17.80
138.00	233.43	142.55	99	1.02	45.00	1.89	17.61
130.00	288.86	35.84	100	-1.00	39.00	1.86	17.92
131.00	287.74	37.31	100	1.85	41.00	2.04	20.46
132.00	285.33	40.89	100	4.32	84.00	1.82	22.55
133.00	285.63	42.16	100	1.30	90.00	1.75	26.91
134.00	285.55	41.76	100	0.41	75.00	1.27	24.03
135.00	285.76	41.67	100	0.23	63.00	1.76	20.25
136.00	285.96	41.43	100	0.31	53.00	1.77	15.89
137.00	283.86	41.46	100	2.10	61.00	1.83	16.32
138.00	284.61	41.37	100	0.76	70.00	1.35	16.36
139.00	285.59	41.92	100	1.12	88.00	1.46	18.01
137.00	237.83	89.01	101	-1.00	89.00	0.90	21.80
138.00	236.32	89.25	101	1.53	52.00	1.25	16.72
139.00	240.75	87.66	101	4.71	42.00	1.90	24.48
140.00	241.42	85.48	101	2.28	40.00	1.84	16.53
134.00	240.77	83.76	102	-1.00	61.00	1.54	19.50
135.00	245.24	78.64	102	6.80	39.00	1.98	18.83
136.00	244.02	78.00	102	1.38	53.00	2.23	23.36
137.00	245.07	75.61	102	2.61	64.00	1.35	17.40
138.00	244.14	75.08	102	1.07	43.00	1.42	14.10
139.00	242.61	76.76	102	2.27	56.00	1.06	12.32
140.00	241.83	76.68	102	0.78	49.00	1.45	16.39
134.00	260.15	69.64	103	-1.00	39.00	1.95	16.93
135.00	256.10	71.81	103	4.59	48.00	1.89	20.52
136.00	259.48	70.59	103	3.59	37.00	1.65	20.13
137.00	257.57	69.65	103	2.13	42.00	1.53	17.18
138.00	260.98	68.98	103	3.48	40.00	1.64	19.09
139.00	260.55	69.38	103	0.59	46.00	1.88	22.43
140.00	260.82	68.12	103	1.29	58.00	1.52	21.05
137.00	301.32	87.83	104	-1.00	44.00	1.68	14.84
138.00	300.81	86.76	104	1.19	63.00	1.94	17.22
139.00	295.52	87.79	104	5.39	52.00	1.85	15.76
140.00	295.08	87.82	104	0.44	48.00	1.72	14.03
141.00	295.44	87.06	104	0.84	54.00	1.38	15.59
140.00	264.37	56.25	105	-1.00	51.00	1.75	18.38
141.00	263.16	54.94	105	1.78	63.00	1.31	18.91
142.00	268.25	57.60	105	5.74	46.00	1.51	19.32
143.00	267.36	57.90	105	0.94	54.00	1.46	15.39
139.00	263.06	99.97	106	-1.00	139.00	0.43	17.63
140.00	264.60	91.95	106	8.17	53.00	1.54	15.36
141.00	264.46	92.66	106	0.72	79.00	1.01	15.29
142.00	263.47	92.21	106	1.09	62.00	1.02	14.02
143.00	263.04	92.58	106	0.57	53.00	1.44	19.98
144.00	264.41	91.70	106	1.63	47.00	1.22	18.25
145.00	264.22	92.20	106	0.53	44.00	1.63	19.42
142.00	289.25	41.85	107	-1.00	66.00	1.78	20.19
143.00	291.56	41.32	107	2.37	80.00	1.92	22.00
144.00	293.21	41.06	107	1.67	81.00	1.50	19.56
145.00	287.75	37.40	107	6.57	44.00	1.31	16.67
146.00	289.64	36.75	107	2.00	46.00	1.70	15.59
147.00	290.47	35.86	107	1.22	68.00	1.71	18.95
148.00	289.69	35.48	107	0.87	58.00	1.56	16.18
149.00	289.27	34.96	107	0.67	57.00	1.93	16.73
147.00	276.72	36.33	108	-1.00	38.00	2.01	13.18
148.00	283.51	41.42	108	8.49	55.00	1.49	16.54
149.00	284.06	41.72	108	0.63	99.00	1.83	23.39
150.00	284.42	42.75	108	1.09	112.00	1.58	19.04
151.00	284.70	34.70	108	8.05	41.00	1.45	13.45
149.00	253.62	75.27	109	-1.00	50.00	2.09	19.88
150.00	253.93	74.16	109	1.15	63.00	1.44	19.31
151.00	254.29	74.01	109	0.39	49.00	1.25	15.85
152.00	249.36	72.20	109	5.25	54.00	1.38	16.09
149.00	304.45	47.49	110	-1.00	49.00	2.14	24.19
150.00	304.67	46.58	110	0.94	32.00	2.66	19.40
151.00	306.32	43.55	110	3.45	61.00	1.67	15.85
152.00	305.71	42.36	110	1.34	56.00	1.69	16.21
153.00	305.58	47.95	110	5.59	41.00	2.19	14.07
154.00	303.60	47.57	110	2.02	38.00	1.69	17.88
152.00	289.48	70.86	111	-1.00	51.00	1.58	14.92
153.00	286.94	73.55	111	3.70	61.00	1.63	17.37
154.00	280.77	75.46	111	6.46	48.00	1.88	21.46
155.00	281.48	77.14	111	1.82	33.00	3.02	22.23
0.00	277.47	90.65	112	-1.00	185.00	1.70	32.43
1.00	277.37	89.95	112	0.71	178.00	1.93	30.00
2.00	277.48	90.12	112	0.20	186.00	1.64	26.49
3.00	277.61	90.22	112	0.16	199.00	1.88	25.73
4.00	277.00	90.54	112	0.69	208.00	1.49	18.31
5.00	277.48	91.11	112	0.75	194.00	1.81	21.89
6.00	277.36	90.99	112	0.17	38.00	4.00	75.07
7.00	277.53	90.54	112	0.48	39.00	4.00	76.13
8.00	277.65	90.11	112	0.45	49.00	3.23	57.33
9.00	277.77	90.25	112	0.18	206.00	1.76	27.56
10.00	278.03	91.75	112	1.52	203.00	1.68	30.38
11.00	278.05	91.10	112	0.65	42.00	2.01	75.04
12.00	277.75	91.44	112	0.45	156.00	2.08	28.85
13.00	278.15	91.19	112	0.47	212.00	1.63	28.40
14.00	277.70	91.60	112	0.61	167.00	1.67	25.30
15.00	277.86	91.75	112	0.22	170.00	1.75	25.26
16.00	277.73	91.37	112	0.40	146.00	1.69	27.81
17.00	276.75	91.67	112	1.02	194.00	1.78	24.36
18.00	278.24	91.33	112	1.53	196.00	1.66	26.92
19.00	277.57	91.85	112	0.85	173.00	1.58	25.08
20.00	277.71	91.83	112	0.14	161.00	1.48	28.90
21.00	277.75	91.93	112	0.11	159.00	1.71	23.79
22.00	277.32	91.84	112	0.44	173.00	1.46	25.75
23.00	278.18	91.54	112	0.91	178.00	1.51	24.49
24.00	278.55	91.79	112	0.45	121.00	1.84	26.88
25.00	278.45	91.56	112	0.25	31.00	4.00	61.80
26.00	278.88	90.85	112	0.83	112.00	1.54	26.56
27.00	278.14	91.19	112	0.81	91.00	2.11	24.34
28.00	278.85	90.90	112	0.77	137.00	1.51	24.49
29.00	278.76	90.84	112	0.11	145.00	1.66	22.31
30.00	278.04	91.40	112	0.91	129.00	1.54	25.51
31.00	278.11	91.83	112	0.44	162.00	1.39	18.76
32.00	278.18	90.92	112	0.91	119.00	1.46	23.91
33.00	278.78	91.21	112	0.67	98.00	1.71	22.67
34.00	278.12	91.41	112	0.69	107.00	1.65	22.89
35.00	278.23	91.17	112	0.26	152.00	1.52	21.04
36.00	277.90	91.77	112	0.68	151.00	1.58	23.02
37.00	277.79	91.53	112	0.26	122.00	1.65	24.08
38.00	277.55	91.49	112	0.24	133.00	1.54	28.73
39.00	277.66	91.26	112	0.25	176.00	1.61	21.43
40.00	277.48	91.66	112	0.44	33.00	2.71	41.15
41.00	277.81	91.86	112	0.39	155.00	1.36	22.28
42.00	278.22	91.14	112	0.83	161.00	1.38	24.09
43.00	278.98	90.26	112	1.16	78.00	1.61	27.69
44.00	278.35	90.86	112	0.87	129.00	1.63	20.93
45.00	278.27	90.86	112	0.08	87.00	1.59	20.73
46.00	278.55	90.89	112	0.28	173.00	1.63	22.88
47.00	278.21	91.00	112	0.36	160.00	1.42	26.30
48.00	278.13	91.38	112	0.39	117.00	1.51	18.19
49.00	278.06	91.89	112	0.51	103.00	1.76	23.03
50.00	278.16	91.48	112	0.42	33.00	4.00	40.92
51.00	278.12	91.54	112	0.07	120.00	1.52	21.03
52.00	277.78	91.22	112	0.47	174.00	1.46	25.42
53.00	278.08	91.08	112	0.33	115.00	1.66	22.80
54.00	278.39	90.98	112	0.33	45.00	2.10	18.80
55.00	278.17	90.57	112	0.47	32.00	4.00	48.82
56.00	277.98	90.75	112	0.26	90.00	1.84	18.69
57.00	277.84	90.80	112	0.15	105.00	1.69	23.58
58.00	277.08	90.54	112	0.80	129.00	1.59	22.86
59.00	277.72	90.57	112	0.64	150.00	1.45	21.64
60.00	277.99	90.82	112	0.37	34.00	2.83	34.82
61.00	277.93	90.24	112	0.58	143.00	1.57	24.26
62.00	277.70	90.42	112	0.29	117.00	1.63	18.20
63.00	277.90	90.53	112	0.23	147.00	1.85	22.22
64.00	278.24	90.75	112	0.40	120.00	1.47	19.92
65.00	278.52	90.90	112	0.32	69.00	1.99	20.85
66.00	278.33	91.32	112	0.46	161.00	1.49	18.10
67.00	278.23	91.07	112	0.27	150.00	1.58	21.97
68.00	278.21	91.07	112	0.02	142.00	1.50	23.75
69.00	277.68	90.73	112	0.63	152.00	1.60	22.70
70.00	278.04	90.64	112	0.37	143.00	1.54	20.56
71.00	277.88	90.61	112	0.16	170.00	1.52	23.64
72.00	277.91	91.17	112	0.56	117.00	1.55	22.45
73.00	278.45	90.73	112	0.70	96.00	1.87	20.41
74.00	278.29	91.02	112	0.33	129.00	1.61	25.42
75.00	278.84	91.56	112	0.77	107.00	1.77	22.46
76.00	278.35	91.24	112	0.59	148.00	1.53	23.54
77.00	278.28	90.92	112	0.33	149.00	1.69	26.62
78.00	277.58	90.82	112	0.71	117.00	1.67	26.07
79.00	278.02	90.65	112	0.47	175.00	1.54	23.41
80.00	277.00	90.97	112	1.07	164.00	1.58	22.93
81.00	277.41	90.57	112	0.57	145.00	1.35	21.41
82.00	277.97	91.26	112	0.89	181.00	1.62	21.91
83.00	277.01	91.34	112	0.96	89.00	1.45	16.91
84.00	277.42	91.29	112	0.41	135.00	1.28	25.20
85.00	277.24	90.88	112	0.45	114.00	1.51	19.67
86.00	277.31	90.90	112	0.07	180.00	1.48	26.43
87.00	277.58	90.28	112	0.68	118.00	1.65	22.00
88.00	278.33	90.68	112	0.85	101.00	1.40	16.45
89.00	278.09	90.91	112	0.33	112.00	1.46	20.71
90.00	277.54	91.00	112	0.56	155.00	1.50	21.56
91.00	277.90	90.70	112	0.47	172.00	1.35	24.06
92.00	278.32	90.37	112	0.53	132.00	1.60	24.75
93.00	278.20	90.55	112	0.22	103.00	1.75	17.65
94.00	277.87	90.66	112	0.35	120.00	1.87	25.66
95.00	277.82	90.80	112	0.15	124.00	1.70	21.26
96.00	278.02	90.93	112	0.24	134.00	1.76	21.97
97.00	278.61	90.78	112	0.61	135.00	1.78	30.72
98.00	278.65	91.77	112	0.99	99.00	1.73	19.59
99.00	278.09	91.40	112	0.67	157.00	1.49	22.46
100.00	278.56	91.83	112	0.64	154.00	1.25	19.44
101.00	278.05	91.43	112	0.65	114.00	1.59	20.20
102.00	278.43	90.53	112	0.98	114.00	1.66	23.74
103.00	278.95	90.90	112	0.64	87.00	1.72	17.82
104.00	278.20	90.97	112	0.75	165.00	1.55	17.95
105.00	278.48	90.73	112	0.37	132.00	1.43	23.40
106.00	278.34	90.60	112	0.19	118.00	1.54	22.65
107.00	278.10	90.47	112	0.27	160.00	1.65	21.94
108.00	278.15	90.67	112	0.21	100.00	1.95	27.69
109.00	277.63	90.96	112	0.60	113.00	1.74	20.85
110.00	278.11	91.35	112	0.62	157.00	1.38	20.60
111.00	277.93	90.71	112	0.66	139.00	1.38	21.59
112.00	278.07	90.78	112	0.16	149.00	1.19	26.78
113.00	278.00	90.86	112	0.11	122.00	1.59	24.21
114.00	278.51	90.96	112	0.52	118.00	1.67	19.62
115.00	278.43	91.27	112	0.32	98.00	1.91	22.28
116.00	277.71	91.01	112	0.77	101.00	1.29	19.48
117.00	278.69	91.01	112	0.98	98.00	1.55	21.88
118.00	278.39	90.82	112	0.36	132.00	1.66	21.63
119.00	278.73	90.30	112	0.62	99.00	1.56	20.48
120.00	278.67	90.57	112	0.28	144.00	1.58	22.35
121.00	278.96	90.78	112	0.36	83.00	1.62	22.35
122.00	279.12	90.43	112	0.38	99.00	1.47	19.18
123.00	279.58	90.23	112	0.50	112.00	1.41	19.34
124.00	279.09	90.91	112	0.84	110.00	1.73	24.71
125.00	279.17	90.80	112	0.14	165.00	1.44	20.76
126.00	278.88	90.30	112	0.58	101.00	1.74	19.03
127.00	278.97	89.95	112	0.36	119.00	1.52	20.37
128.00	278.77	89.90	112	0.21	97.00	1.69	21.74
129.00	279.50	89.38	112	0.90	145.00	1.67	26.09
130.00	278.98	90.30	112	1.06	97.00	1.58	18.28
131.00	279.34	89.50	112	0.88	89.00	1.74	22.20
132.00	279.23	90.28	112	0.79	135.00	1.57	18.37
133.00	279.34	90.54	112	0.28	82.00	1.63	20.20
134.00	279.02	90.39	112	0.35	92.00	1.21	20.37
135.00	278.32	90.49	112	0.71	82.00	1.69	16.10
136.00	278.38	90.05	112	0.44	109.00	1.47	23.88
137.00	278.48	89.84	112	0.23	93.00	1.49	21.03
138.00	277.52	90.68	112	1.28	90.00	1.36	21.42
139.00	277.37	91.09	112	0.44	104.00	1.50	21.00
140.00	278.46	90.69	112	1.16	135.00	1.51	20.84
141.00	278.42	90.61	112	0.09	107.00	1.48	20.03
142.00	278.10	90.34	112	0.42	51.00	1.85	15.24
143.00	278.73	90.85	112	0.81	105.00	1.29	25.32
144.00	278.74	90.24	112	0.61	48.00	1.61	16.52
145.00	278.83	90.46	112	0.24	132.00	1.16	21.55
146.00	278.71	90.73	112	0.30	40.00	2.38	22.22
147.00	278.33	90.83	112	0.39	48.00	1.35	15.52
148.00	278.11	90.70	112	0.26	123.00	1.21	19.01
149.00	278.04	90.74	112	0.08	109.00	1.26	16.56
150.00	278.11	90.93	112	0.20	106.00	1.64	22.34
151.00	277.76	91.29	112	0.50	81.00	1.41	19.17
152.00	278.24	90.39	112	1.02	67.00	1.59	19.65
153.00	278.77	89.76	112	0.82	100.00	1.77	18.71
154.00	278.12	89.87	112	0.66	133.00	1.52	23.98
155.00	277.65	90.10	112	0.52	128.00	1.13	15.76
156.00	277.76	90.87	112	0.78	92.00	1.54	24.45
158.00	277.69	90.83	112	-1.00	77.00	1.57	15.09
159.00	278.00	91.06	112	0.39	64.00	1.67	15.08
160.00	277.42	90.10	112	1.12	58.00	1.66	19.68
161.00	277.11	90.91	112	0.87	80.00	1.54	20.43
162.00	276.73	91.25	112	0.51	124.00	1.34	18.93
163.00	277.09	90.37	112	0.95	38.00	1.77	17.16
164.00	277.01	90.48	112	0.14	59.00	1.73	17.23
165.00	276.24	90.64	112	0.79	33.00	2.95	17.12
166.00	276.65	90.66	112	0.41	57.00	1.63	17.71
167.00	277.17	89.75	112	1.05	50.00	2.08	18.69
168.00	276.90	89.35	112	0.48	35.00	2.05	13.79
169.00	276.05	89.87	112	1.00	61.00	1.56	14.65
170.00	276.07	89.97	112	0.10	62.00	1.85	15.97
171.00	276.05	88.81	112	1.16	81.00	1.56	18.11
172.00	276.32	88.78	112	0.27	78.00	1.46	19.55
153.00	250.38	60.70	113	-1.00	57.00	1.35	18.76
154.00	248.34	67.19	113	6.80	65.00	1.70	20.84
155.00	248.15	67.22	113	0.19	50.00	1.67	19.72
156.00	256.79	67.55	113	8.65	31.00	2.66	16.78
157.00	254.77	70.03	113	3.20	67.00	1.39	22.44
158.00	255.90	71.60	113	1.93	43.00	1.62	14.86
159.00	254.33	71.49	113	1.57	56.00	1.16	19.11
160.00	248.86	70.14	113	5.63	79.00	1.43	16.06
162.00	276.44	58.31	114	-1.00	49.00	1.63	17.00
163.00	276.54	57.62	114	0.70	51.00	1.92	19.28
164.00	274.99	57.12	114	1.63	47.00	2.11	19.39
165.00	275.42	56.48	114	0.77	51.00	1.64	19.24
166.00	272.35	53.50	114	4.28	59.00	1.55	19.46
165.00	305.08	47.87	115	-1.00	49.00	1.72	16.00
166.00	304.50	48.00	115	0.59	36.00	2.04	14.14
167.00	304.81	48.31	115	0.44	45.00	1.57	15.55
168.00	305.18	48.32	115	0.37	60.00	2.05	20.58
169.00	305.63	48.43	115	0.46	35.00	1.87	13.14
164.00	271.28	79.54	116	-1.00	68.00	1.14	18.65
165.00	271.52	80.12	116	0.63	83.00	1.30	15.74
166.00	270.29	80.92	116	1.47	63.00	1.24	15.34
167.00	271.00	79.27	116	1.80	44.00	1.57	17.01
168.00	270.41	79.17	116	0.60	54.00	2.04	16.99
169.00	271.26	78.74	116	0.95	56.00	1.48	16.68
170.00	271.68	78.41	116	0.53	40.00	2.60	19.31
173.00	295.50	63.32	117	-1.00	36.00	1.78	16.76
174.00	296.24	61.91	117	1.59	40.00	1.98	13.84
175.00	295.92	61.99	117	0.33	48.00	1.46	15.09
176.00	295.83	61.29	117	0.71	45.00	1.85	17.74
177.00	296.00	61.57	117	0.33	40.00	1.60	16.55
172.00	224.85	122.82	118	-1.00	42.00	1.49	15.38
173.00	226.60	129.08	118	6.50	41.00	1.46	17.20
174.00	224.16	122.14	118	7.36	50.00	1.51	20.13
175.00	224.01	122.64	118	0.52	105.00	1.24	14.24
176.00	224.85	121.46	118	1.45	64.00	1.33	14.80
177.00	225.39	121.74	118	0.61	72.00	1.42	18.94
178.00	225.77	121.78	118	0.38	78.00	1.33	23.22
179.00	225.80	123.03	118	1.25	52.00	1.39	16.34
175.00	272.07	78.89	119	-1.00	50.00	1.39	13.54
176.00	272.57	78.99	119	0.51	42.00	1.73	14.83
177.00	272.58	78.98	119	0.01	72.00	1.33	14.43
178.00	271.61	78.61	119	1.04	93.00	1.19	19.97
179.00	272.65	77.99	119	1.21	62.00	1.72	17.70
183.00	222.86	149.66	120	-1.00	50.00	1.59	14.36
184.00	222.85	146.68	120	2.98	46.00	1.47	16.18
185.00	221.56	143.19	120	3.72	72.00	1.60	20.21
186.00	221.83	140.64	120	2.56	53.00	1.74	16.90
187.00	225.53	139.36	120	3.92	85.00	1.31	16.74
182.00	276.80	88.72	121	-1.00	82.00	1.43	20.62
183.00	276.43	88.26	121	0.59	77.00	1.63	16.56
184.00	275.81	88.29	121	0.62	73.00	1.42	17.47
185.00	275.97	88.35	121	0.17	76.00	1.67	16.86
186.00	275.73	88.63	121	0.37	63.00	1.28	13.73
187.00	275.47	88.51	121	0.29	64.00	1.28	14.72
189.00	250.45	69.63	122	-1.00	33.00	2.06	15.40
190.00	250.48	68.78	122	0.85	42.00	1.61	13.93
191.00	250.72	69.06	122	0.37	46.00	1.96	14.88
192.00	251.77	70.40	122	1.70	55.00	1.59	20.41
193.00	245.49	110.27	123	-1.00	43.00	1.65	15.75
194.00	246.56	109.50	123	1.32	40.00	1.99	15.71
195.00	246.68	108.31	123	1.20	87.00	1.03	13.32
196.00	247.50	108.04	123	0.86	47.00	1.57	16.04
197.00	246.19	108.30	123	1.34	59.00	1.00	11.70
194.00	279.90	66.57	124	-1.00	82.00	1.42	16.76
195.00	277.85	69.22	124	3.35	44.00	1.49	18.83
196.00	277.53	71.15	124	1.96	47.00	1.82	16.14
197.00	279.13	71.91	124	1.77	77.00	0.98	16.84
194.00	238.28	140.08	125	-1.00	50.00	1.84	19.71
195.00	237.84	139.97	125	0.45	73.00	1.31	17.53
196.00	238.46	138.99	125	1.16	41.00	1.82	17.10
197.00	239.24	137.78	125	1.44	49.00	1.79	17.81
198.00	239.54	135.60	125	2.20	37.00	1.89	18.88
192.00	276.76	89.85	126	-1.00	78.00	1.83	18.85
193.00	276.25	88.94	126	1.04	61.00	1.53	14.88
194.00	276.30	89.42	126	0.48	93.00	1.42	19.80
195.00	275.98	89.51	126	0.33	47.00	1.82	16.50
196.00	276.32	89.57	126	0.35	86.00	1.41	15.26
197.00	276.48	88.99	126	0.60	58.00	1.17	11.43
198.00	276.56	88.65	126	0.35	68.00	1.27	18.99
193.00	226.36	121.21	127	-1.00	73.00	1.90	23.22
194.00	226.29	121.53	127	0.33	111.00	1.80	21.78
195.00	226.66	120.92	127	0.71	85.00	1.72	19.03
196.00	226.35	120.85	127	0.32	83.00	1.72	14.60
197.00	226.24	119.71	127	1.15	95.00	1.39	17.66
198.00	225.58	119.79	127	0.66	85.00	1.45	15.34
199.00	225.04	120.21	127	0.68	67.00	1.62	14.80
194.00	316.14	66.45	128	-1.00	41.00	2.10	20.68
195.00	317.06	66.17	128	0.96	45.00	1.98	18.90
196.00	316.64	66.31	128	0.44	49.00	2.32	18.88
197.00	317.01	66.00	128	0.48	77.00	1.08	18.78
198.00	317.52	66.41	128	0.65	39.00	1.62	18.68
199.00	316.77	65.84	128	0.94	48.00	1.54	15.69
